19385.972434 18142.884177 19514.278608 19444.923294 18421.156414 18923.298845 18923.827390 18892.642486 18435.935441 17944.136816
22010.698458 20510.284435 22058.859207 22064.435304 20852.069090 21386.948883 21429.472197 21390.231490 20863.689729 20302.862315
15254.969482 14181.392532 15305.624686 15247.465857 14433.551432 14784.976992 14830.634281 14804.992316 14458.698628 14089.265010
12204.562954 11384.087144 12235.412342 12214.530655 11543.319787 11904.864225 11893.210909 11874.976824 11550.464579 11230.649243
16978.335859 15841.974477 17037.592729 17021.635026 16091.149065 16522.423421 16543.933709 16525.436861 16099.375248 15709.598055
21994.138248 20568.439607 22083.199006 22038.093347 20840.839301 21417.465435 21445.842516 21406.868305 20886.942816 20321.838497
11997.727299 11194.302729 12038.004999 12017.960534 11370.597951 11682.134187 11686.674769 11689.149435 11354.827154 11088.307909
24428.085281 22789.499797 24548.017961 24483.487773 23138.408730 23789.695947 23796.063589 23790.315263 23170.366580 22592.659536
8528.326855 7976.282178 8574.907954 8551.585764 8099.821390 8318.757542 8321.347569 8320.467135 8097.230837 7883.282771
16141.248611 15064.382373 16199.444932 16182.915174 15295.024762 15697.907772 15719.076536 15699.682947 15330.502028 14896.693269
19221.318087 17982.287570 19339.303679 19291.599352 18233.353728 18773.007347 18779.569338 18749.402040 18272.835845 17794.883269
10758.199079 10018.727082 10797.524021 10776.178801 10164.513559 10475.169037 10450.011652 10460.060996 10180.844073 9926.984818
24680.761786 23071.782965 24823.103601 24738.702138 23424.223563 24064.657986 24040.765540 24010.878334 23417.683766 22855.886990
21179.144335 19756.928213 21246.167455 21199.578837 20043.731120 20610.516214 20628.845794 20591.442673 20052.486414 19590.490420
9565.536246 8934.592048 9604.321008 9578.349189 9067.113984 9320.525445 9322.398488 9320.198135 9079.888481 8816.006249
17865.166888 16688.197737 17923.598736 17931.190327 16948.534578 17379.347531 17416.815184 17357.451575 16935.368472 16499.193029
17841.876205 16686.796312 17913.924451 17902.202053 16918.892691 17417.824936 17403.901207 17394.182573 16928.891350 16516.978837
19389.971410 18148.501691 19487.416245 19444.131368 18399.779385 18915.219560 18903.625526 18897.414466 18406.243673 17880.722676
11653.436205 10876.720708 11712.601628 11654.552779 11025.451109 11341.291584 11356.306287 11346.830672 11065.426944 10772.794022
13567.141079 12718.552881 13655.334675 13614.256813 12872.262499 13244.562669 13261.838655 13220.287870 12885.295030 12525.349393
23179.011146 21615.810389 23285.455656 23197.768827 21945.721535 22522.034906 22555.034454 22535.788217 21973.048210 21415.080192
25035.812313 23297.439372 25087.691551 25067.217587 23710.484703 24315.686784 24341.323923 24313.492070 23711.220765 23089.723177
12181.289150 11383.635331 12229.715900 12203.218493 11527.923583 11857.590638 11879.032779 11842.477279 11537.906707 11231.644312
11807.021304 11022.496955 11847.943492 11821.406027 11163.772369 11538.023348 11512.127074 11506.466968 11179.548579 10866.258923
16904.858073 15804.514671 16997.143972 16946.224749 16045.328295 16479.538494 16475.195231 16460.106046 16076.282079 15667.697429
27151.976692 25358.947233 27278.403124 27219.759689 25714.595441 26469.095338 26437.359246 26452.957253 25755.452187 25116.096470
11118.020525 10394.381911 11175.368102 11149.679411 10547.283800 10855.937675 10848.083306 10839.131470 10557.836333 10294.645265
30243.804295 28206.567955 30389.208041 30303.641572 28671.034135 29451.776653 29452.882770 29456.874428 28701.883397 27959.851048
26797.473475 25001.819067 26894.431969 26821.896544 25400.370314 26098.352923 26074.699999 26035.587931 25388.566905 24736.305892
12549.494173 11719.894537 12605.852320 12570.876232 11871.113600 12246.449382 12237.369628 12228.452375 11894.894846 11573.860453
18603.363973 17387.369269 18672.029979 18597.786163 17616.861982 18068.212182 18103.745130 18096.887316 17621.771964 17198.550532
21767.487933 20294.656871 21842.647403 21800.570850 20604.575393 21194.484982 21179.198187 21172.365730 20637.663099 20038.851030
13809.178406 12876.640809 13835.883807 13794.278630 13052.447019 13401.407881 13422.319420 13407.354229 13052.484542 12768.663540
15246.312707 14238.554830 15318.222167 15275.217078 14450.510535 14847.309989 14867.353951 14823.843675 14457.372339 14069.653523
23539.266770 21983.838222 23644.453275 23585.930450 22321.358716 22907.234030 22937.371414 22904.661783 22311.114034 21723.581982
12911.353433 12049.538137 12986.101087 12918.077136 12233.232699 12590.380577 12573.643923 12556.882760 12265.721097 11939.690699
20680.211665 19307.441705 20751.904943 20687.736008 19588.837975 20104.836705 20126.697150 20117.543175 19612.789366 19119.656005
25253.016487 23562.716142 25359.813625 25310.374630 23942.462028 24554.257966 24601.558484 24550.398051 23964.154807 23313.495226
15743.157827 14748.301225 15826.447528 15788.800942 14940.003187 15352.635356 15368.878131 15360.367061 14933.080081 14564.005845
19630.739648 18336.597904 19707.489165 19669.591032 18601.947550 19110.852366 19130.793068 19093.489105 18610.293325 18153.833033
9955.940234 9283.678803 9989.697842 9961.494090 9437.883901 9706.678586 9701.861655 9690.469065 9435.872862 9166.620567
20280.046101 18967.864920 20379.693550 20322.937200 19227.423553 19795.744528 19782.724843 19773.808958 19255.988660 18725.377913
10118.295066 9435.830779 10139.331713 10124.071505 9590.613382 9845.096509 9854.567185 9828.749945 9586.657523 9318.569453
13853.679819 12946.545847 13911.317161 13869.583089 13113.020933 13499.618681 13504.129092 13475.419390 13115.842028 12775.275044
13845.725152 12942.881148 13930.160530 13861.827844 13126.844627 13506.688366 13500.514487 13497.926224 13126.542438 12817.939974
17466.005975 16285.703668 17538.809016 17509.500212 16562.056049 16985.780113 17027.582983 16995.449022 16583.642144 16150.957748
18737.637525 17483.638558 18808.357428 18780.528681 17739.400874 18264.713332 18280.832451 18238.350201 17745.890490 17314.273378
14617.380801 13643.573651 14681.717798 14653.037245 13829.245138 14226.491398 14222.336669 14201.720611 13873.515791 13491.324398
13561.180694 12646.835510 13615.117502 13607.509038 12857.851613 13212.404962 13226.601527 13179.448391 12843.303071 12544.919818
23132.095984 21597.172762 23221.599481 23167.786319 21929.516928 22526.924153 22530.410276 22538.586574 21951.167369 21366.030903
14860.789913 13890.841232 14962.083262 14915.318991 14087.757753 14521.621591 14496.035697 14488.515094 14113.165816 13765.763492
29297.359371 27280.481681 29360.290249 29352.124189 27741.339063 28465.200486 28476.154555 28426.181912 27761.376121 27033.443876
19810.893675 18472.470469 19873.988769 19850.963158 18790.834527 19239.914692 19300.557140 19242.128908 18776.084145 18318.817884
14021.932178 13099.407319 14088.062032 14026.810277 13265.506175 13661.010785 13688.656256 13642.978972 13274.001351 12936.528674
17049.190727 15893.222783 17094.523916 17059.266109 16136.437196 16563.500253 16566.133823 16575.079636 16170.398350 15754.931181
21933.538632 20493.000430 22035.492544 21987.238162 20789.281605 21393.870418 21372.292274 21363.466325 20805.550962 20258.799226
26174.312622 24405.495256 26224.265908 26219.604560 24825.648677 25452.253984 25447.133656 25399.135622 24801.977601 24177.200030
14907.355503 13922.790987 14967.473386 14947.444701 14116.751451 14534.024143 14540.239174 14506.678958 14152.625952 13777.066884
21228.695659 19813.027109 21338.303187 21271.700125 20105.422354 20653.687733 20701.142229 20664.102550 20127.927569 19660.414142
11825.842212 11027.930735 11865.786887 11834.565632 11175.616206 11545.526231 11518.416237 11507.615885 11205.664355 10879.600280
20313.418654 18918.257142 20366.793767 20311.806572 19242.465788 19721.590239 19725.754086 19723.896914 19225.729963 18729.547149
13864.470013 12958.271611 13938.854661 13881.864507 13120.468384 13493.100856 13495.086217 13481.562883 13129.611712 12799.561588
20575.664451 19193.762143 20649.665968 20617.979173 19485.653868 20022.344805 20065.073320 20017.683568 19506.868681 19013.276160
30596.086054 28502.205438 30675.010150 30614.485088 28973.532530 29717.815623 29741.735073 29718.642158 28965.977604 28222.527434
18483.384717 17202.303898 18529.023514 18507.785157 17476.996263 17958.405918 17965.213123 17958.121253 17497.105285 17065.377060
12161.377726 11336.818593 12204.726046 12160.900904 11477.330039 11834.281659 11817.523122 11810.886420 11535.627474 11222.858851
17343.951838 16188.526298 17427.995725 17362.176304 16458.488479 16878.562325 16910.421680 16881.904800 16460.794462 16051.830724
12721.798271 11855.605673 12758.676529 12733.886990 12028.496610 12399.920675 12390.202071 12362.717010 12044.367649 11716.384246
18116.414098 16883.547686 18187.304395 18155.515794 17153.006811 17674.376044 17650.021612 17615.836840 17183.718388 16747.045425
27589.516733 25746.705819 27696.325325 27647.742732 26144.865379 26838.893407 26871.567707 26817.368685 26133.719950 25484.519222
14885.958647 13850.552514 14920.260853 14898.603053 14086.591478 14470.005751 14466.153001 14477.661599 14089.432890 13744.451435
14751.206763 13767.102471 14803.111151 14778.898131 13977.002281 14362.339112 14376.887310 14338.700977 13976.668665 13634.345518
8021.676132 7459.886371 8041.455895 8020.650585 7593.336934 7799.472117 7805.135124 7800.858848 7595.274003 7391.975283
19242.147887 17979.192569 19315.476333 19271.508466 18230.084922 18723.440303 18743.097912 18729.260716 18251.519036 17778.349460
18070.800332 16899.658775 18186.966191 18120.993070 17147.653849 17654.572940 17641.611294 17620.783673 17148.376852 16743.628060
23202.276113 21645.467688 23278.886927 23242.438341 21976.653314 22542.064556 22596.587657 22549.544918 21991.038849 21405.317775
19402.050676 18118.962046 19531.963882 19455.624139 18397.684460 18938.049714 18884.723477 18911.448601 18408.486876 17935.400953
11679.248057 10899.827324 11727.795966 11707.950163 11058.091022 11407.813334 11384.758509 11355.719847 11066.131551 10752.175976
13725.772413 12819.939891 13787.035927 13747.631499 12981.557595 13411.211874 13372.210372 13369.523239 13009.613805 12655.369238
16700.799782 15574.217456 16743.998486 16711.797615 15806.970269 16240.540321 16244.948373 16221.104094 15797.155594 15404.215208
19505.103528 18203.121065 19616.121662 19573.235462 18496.485081 18997.670004 18991.855802 19013.409707 18487.970717 18055.944675
25214.666560 23543.713633 25340.264777 25295.877100 23898.298905 24536.151998 24585.254388 24530.790072 23914.543843 23289.963774
26124.387789 24377.858970 26228.152597 26182.286170 24748.682957 25438.540151 25431.660347 25406.214188 24784.808514 24167.466685
18484.352358 17260.051487 18548.431098 18503.318059 17513.420417 17986.259201 18006.058746 17980.461785 17518.723828 17095.901814
14217.252472 13264.270328 14292.152627 14260.096837 13505.362483 13817.434065 13861.876639 13846.278330 13514.127090 13158.010791
18698.598417 17500.380620 18813.920529 18776.709139 17750.801835 18256.297124 18242.689830 18256.345611 17768.459235 17281.556824
15590.864237 14572.383689 15676.913119 15621.185116 14801.572752 15185.961638 15171.182243 15173.621999 14760.283216 14425.400308
20450.028984 19064.796789 20522.928689 20488.681311 19372.725457 19884.954357 19916.473572 19888.179823 19353.921754 18882.261551
24349.832822 22695.953050 24426.530736 24412.252714 23108.731477 23683.640573 23679.670477 23652.185979 23069.850367 22517.989546
18357.811307 17111.286495 18411.531269 18386.760498 17389.872691 17839.386592 17853.317892 17856.022466 17388.643122 16924.232627
20828.406458 19410.093104 20869.039504 20849.895195 19727.076936 20231.515967 20275.111878 20240.846500 19697.475379 19251.264250
18092.623772 16894.469410 18177.136139 18138.224482 17147.174198 17605.489381 17622.339262 17590.038458 17156.736316 16702.890541
12334.464200 11501.694501 12371.220594 12367.363974 11653.393354 11970.618876 12010.374700 11991.715039 11666.523138 11401.028333
21077.043490 19677.884070 21161.308740 21104.872992 19961.496577 20497.952161 20526.128830 20488.288496 19955.145472 19464.620483
19490.390366 18205.571978 19584.876161 19529.982545 18483.578461 19013.571824 19014.465367 18979.489971 18474.636725 17989.641191
23936.243060 22346.883794 24042.676001 24031.299759 22701.763615 23309.572114 23348.156772 23310.467326 22707.929296 22134.994454
13206.398162 12342.444628 13255.793052 13245.644673 12525.521346 12878.843466 12876.690712 12856.307686 12530.352605 12168.167800
21279.709768 19893.209821 21394.571694 21346.408041 20193.400997 20774.345674 20763.333278 20749.698233 20190.592504 19653.947523
15727.947758 14706.516826 15831.640461 15787.314600 14931.259075 15367.208510 15347.559387 15343.032581 14924.528483 14585.437165
10257.121854 9562.117613 10298.028066 10279.707074 9705.006028 10019.560577 9991.356737 9988.596787 9721.613061 9465.766623
12721.509029 11862.035571 12728.365103 12718.035791 12028.795203 12321.208402 12372.665367 12341.324638 12014.871180 11725.185615
17085.434021 15921.669666 17141.765683 17121.944658 16183.090128 16594.469318 16623.140513 16599.479776 16211.722108 15772.561964
7907.581526 7366.806134 7940.944204 7908.655427 7490.497836 7684.821231 7692.244394 7701.591713 7489.790879 7281.580499
14254.302807 13302.407558 14308.145856 14291.986665 13525.982980 13863.870546 13888.649387 13846.141126 13537.010149 13152.575475
8911.782436 8350.077062 8933.694618 8931.475362 8446.861585 8680.359212 8674.390143 8683.539457 8447.433131 8227.620086
12840.674442 11992.553208 12894.580398 12883.111747 12160.046175 12534.043080 12513.811267 12497.271939 12180.855185 11834.796612
18754.161358 17497.013999 18823.636313 18806.294174 17765.804402 18235.467874 18272.181803 18251.118381 17782.431457 17364.519188
21165.115197 19761.236069 21282.255404 21233.414154 20058.998971 20638.043851 20623.717508 20635.585712 20097.200715 19585.941960
21812.352206 20347.085422 21851.103059 21832.699663 20665.133620 21215.749391 21223.865576 21182.407550 20683.547937 20140.290568
15115.308921 14120.386179 15179.572692 15110.803294 14337.177812 14705.756444 14709.186950 14721.117705 14333.656655 13974.245128
17111.293490 15927.078219 17173.103079 17116.013664 16203.726995 16608.881671 16650.515972 16635.376414 16205.898171 15813.848399
30636.639797 28558.189779 30773.954667 30681.842308 29030.918103 29795.965281 29804.048510 29768.804381 29044.700114 28281.255589
8161.810411 7609.972707 8201.042589 8168.789175 7733.134680 7959.311079 7956.543871 7951.171089 7740.608959 7533.661851
13591.446126 12696.051094 13641.320484 13619.639145 12859.099761 13278.542535 13240.942002 13242.561586 12903.609462 12525.649100
26747.297708 24908.953262 26770.023659 26743.315437 25319.262630 25967.554852 26018.653529 25943.709233 25350.223337 24690.875468
16179.388397 15117.289232 16254.592790 16220.847396 15336.613411 15740.489721 15761.833402 15749.401072 15363.820630 14951.550916
18157.877996 16947.717164 18235.671378 18203.414688 17203.778788 17651.177735 17698.456782 17681.775186 17232.396938 16803.610296
26815.283680 25023.312081 26925.257209 26851.065389 25389.181177 26101.464064 26103.072509 26082.164107 25429.115109 24783.039133
19701.240738 18346.836691 19768.339946 19736.235587 18673.205597 19117.451457 19151.072531 19122.332167 18654.390290 18166.833798
28793.075510 26808.714795 28842.917629 28825.605147 27266.438740 27971.275620 27979.459641 27956.221842 27296.208159 26556.245093
25522.498880 23818.885528 25595.811030 25549.036048 24172.051127 24830.429212 24865.056918 24810.748099 24167.746874 23573.655972
30082.199767 28019.371572 30164.810908 30120.162825 28499.105660 29258.909129 29257.630469 29215.929136 28523.473046 27796.977558
17057.840118 15926.402122 17148.656282 17108.744813 16121.473309 16648.455115 16603.705922 16609.729029 16187.374181 15755.875262
17199.371670 16068.546168 17254.969885 17239.729475 16310.984367 16743.726362 16759.338440 16700.613823 16320.653937 15872.634364
7784.536160 7234.955581 7812.005276 7780.786410 7358.456548 7581.729998 7580.293725 7569.432674 7363.537629 7149.854569
18730.674884 17543.003098 18834.702959 18779.498407 17786.809296 18291.458278 18287.009431 18261.510815 17786.057189 17311.265586
19422.216799 18125.421949 19483.397264 19431.352226 18384.991983 18863.707208 18885.197179 18855.806045 18393.153384 17947.457735
16782.363495 15665.639257 16859.284346 16819.688191 15906.292210 16338.520172 16333.956036 16334.337196 15921.893789 15490.365657
12906.266633 12066.424013 12969.961850 12927.257609 12252.120045 12587.665263 12592.526089 12579.611606 12249.340410 11924.810390
21477.702618 20075.415412 21586.331575 21520.864959 20344.939084 20927.868933 20945.162670 20908.056998 20375.623568 19848.695608
16188.721700 15146.016538 16280.423754 16206.272436 15361.150059 15800.086423 15786.337095 15779.564604 15380.175761 14977.285147
19742.971123 18433.413922 19824.022160 19789.146881 18718.630347 19205.419406 19233.494099 19198.927413 18702.711012 18241.389342
12762.598623 11942.003259 12823.692635 12806.650389 12098.932080 12455.114624 12436.560041 12446.657662 12104.775487 11792.900497
13167.659348 12309.973764 13239.477655 13186.780150 12470.438431 12836.038814 12841.685078 12824.974450 12504.527861 12150.523529
15174.004246 14193.744359 15250.791014 15165.477050 14382.947738 14765.730735 14762.505033 14780.507457 14398.729770 14027.273990
22981.084012 21456.380782 23092.031232 23033.949112 21770.901843 22399.677421 22382.939851 22398.132246 21824.229715 21242.629639
15098.921633 14099.707712 15182.144381 15116.046918 14336.532738 14721.301693 14722.950570 14687.930903 14329.544250 13984.678159
16955.548699 15848.370805 17034.384371 16979.942755 16074.564324 16545.118536 16536.483322 16519.243561 16066.846753 15630.815660
20436.191977 19079.436959 20552.360112 20512.175327 19392.437454 19905.582812 19921.642269 19888.318203 19387.844814 18892.300142
17735.047124 16579.422543 17811.490611 17767.022525 16800.181487 17251.787447 17283.236258 17240.577434 16799.205407 16357.070578
10327.924573 9686.031051 10386.056362 10371.474270 9805.443686 10123.471615 10072.124521 10065.428138 9817.703853 9559.758252
15641.041861 14600.745404 15703.049841 15660.614883 14820.608812 15240.567094 15225.456051 15217.625703 14823.827837 14431.531534
14615.535527 13600.951768 14661.069407 14633.434994 13840.286760 14242.024732 14222.235471 14205.725827 13817.542325 13504.202498
18532.791157 17292.333648 18580.775912 18534.598247 17544.590815 18033.047361 18054.285911 18040.319146 17564.724649 17102.240845
15386.901275 14348.020122 15446.208505 15408.545355 14569.582689 15006.028985 14994.475629 14961.623842 14580.673624 14229.248219
14760.854683 13768.444422 14798.006358 14784.876981 13971.861897 14367.207143 14341.710382 14342.124475 13996.165819 13630.985630
21156.349482 19759.894955 21236.884846 21204.844510 20018.060291 20660.268896 20578.965602 20615.196070 20052.836799 19519.815326
18453.674004 17236.215045 18524.221147 18464.408642 17469.295304 17965.907398 17977.022661 17979.291594 17483.285540 17057.089842
14594.353238 13660.601799 14680.132665 14645.193307 13835.910293 14236.235253 14238.535994 14223.311261 13835.095977 13477.042733
23801.818081 22232.427329 23952.455085 23857.504065 22581.800867 23184.784132 23180.412315 23176.548252 22582.598631 22026.541073
18511.376332 17272.646357 18575.018886 18528.077132 17555.023807 18014.189899 18020.787175 18007.417774 17540.182873 17092.424104
18341.635447 17133.244721 18406.194259 18358.449125 17376.694468 17823.837572 17862.144110 17816.100868 17366.349463 16976.553360
10207.880126 9507.608175 10237.639076 10214.494218 9653.598488 9954.746582 9949.027284 9929.070207 9672.708613 9400.674440
12549.830395 11732.184480 12608.776700 12573.558626 11874.006001 12216.456744 12242.873787 12195.997612 11887.490773 11585.693846
16251.482932 15148.958156 16329.249576 16294.440476 15408.480561 15786.324297 15836.049503 15812.123361 15423.778720 15067.728018
20307.047037 18969.631151 20392.764668 20331.560809 19248.580933 19753.139499 19793.825956 19750.782884 19245.869131 18754.420451
19371.499559 18005.636520 19375.702152 19361.776444 18325.823675 18802.710383 18817.009899 18781.692947 18324.445378 17845.481770
22474.670946 20968.194930 22584.985947 22528.151761 21266.213630 21898.374114 21891.060196 21892.048368 21345.934067 20764.589653
13064.337156 12185.109918 13098.011214 13070.697246 12383.344410 12652.349433 12686.442795 12665.826853 12370.565043 12059.120350
21893.190474 20443.530522 21966.960881 21905.045585 20741.571162 21284.888659 21317.958909 21304.098180 20730.355806 20205.889335
15640.608045 14580.423875 15688.469405 15672.368786 14799.839130 15207.259677 15250.831078 15225.157217 14785.681447 14458.821986
25721.252230 24025.196788 25839.924281 25794.016099 24365.275011 25070.021549 25041.325952 25057.271042 24452.374538 23772.970080
16444.569234 15348.075066 16511.029596 16478.733040 15568.348938 16020.386429 16025.549719 16002.376702 15579.923319 15217.055463
17476.947522 16314.517506 17538.120510 17487.034982 16546.807252 16993.370869 17010.630430 16985.640141 16540.524350 16128.958898
22932.406654 21386.629229 23004.843079 22930.763041 21716.759267 22263.392096 22292.011570 22276.287871 21713.669500 21200.943838
20301.342543 18946.723755 20372.212547 20314.472616 19229.454806 19732.609209 19770.197133 19742.327768 19224.519312 18762.795070
15273.992001 14277.247045 15327.175063 15282.061313 14427.489936 14854.527472 14858.505145 14833.836088 14449.889875 14078.026837
18123.263095 16912.509414 18207.327204 18177.009165 17181.562334 17631.798657 17669.547932 17617.170977 17178.582515 16736.391283
19796.877423 18503.638889 19896.644945 19837.633562 18776.875982 19334.303657 19301.107679 19302.819233 18797.408981 18273.399121
23813.054069 22240.605557 23935.988105 23895.251403 22570.845406 23187.370135 23226.882886 23206.465970 22587.247066 22023.655550
15779.618558 14731.924205 15833.688352 15822.479032 14957.979962 15363.137003 15393.669147 15376.153587 14979.043307 14608.084179
23425.232871 21878.557696 23518.151957 23463.869928 22181.829566 22822.852764 22824.942694 22805.036363 22217.608285 21664.095818
17977.650988 16753.590214 18029.825095 18002.716903 17028.829761 17450.180730 17493.938102 17465.734382 17028.893564 16625.889522
12434.979000 11582.196800 12458.118262 12422.393929 11749.726027 12106.361103 12072.653683 12097.548410 11777.756125 11460.111309
8308.281677 7733.346444 8336.390417 8305.669433 7858.720159 8106.413475 8090.529672 8083.772377 7869.637151 7652.154386
16700.542920 15596.378200 16739.062509 16735.510908 15801.804197 16258.131456 16245.433046 16230.352806 15851.140380 15404.155429
14997.124703 14014.281994 15076.710901 15044.995902 14215.841280 14604.761686 14631.344442 14593.899950 14227.530863 13911.840993
13741.117045 12823.787992 13811.851047 13768.225998 13010.800066 13410.124863 13387.459756 13379.583120 13013.092364 12657.970796
16055.954797 14969.287648 16091.428851 16078.686056 15227.327521 15617.346322 15614.032217 15608.439701 15253.353871 14819.662713
25342.711998 23612.374203 25432.604783 25348.638177 23993.316161 24625.818967 24643.880717 24660.701285 24026.682039 23395.232928
11659.496978 10888.151391 11702.119513 11676.715367 11034.650148 11382.467644 11347.546411 11351.926220 11037.831209 10771.288903
24216.733982 22579.807114 24307.278678 24251.261979 22967.968080 23555.337913 23578.043404 23566.124178 22961.816101 22357.884953
18627.538805 17385.751518 18748.645952 18692.746045 17672.904396 18148.050620 18168.471057 18150.538537 17652.875712 17244.944271
15399.588268 14368.589542 15461.729977 15432.446081 14604.898263 14976.906956 15016.258736 14981.482428 14622.324422 14217.410955
9304.270419 8689.151483 9342.872134 9333.828797 8821.925859 9067.825265 9066.824829 9069.125006 8817.637025 8600.104873
20446.929999 19075.846821 20499.257892 20484.261350 19382.643139 19888.343523 19918.549507 19858.984136 19379.692866 18873.135365
16956.800039 15776.009727 16981.280993 16961.265521 16008.949876 16479.310367 16458.019079 16460.109527 16018.944680 15670.789318
26847.378091 25030.377692 26930.000891 26865.596008 25389.668167 26122.633843 26094.570184 26080.703156 25450.934446 24807.015200
20194.970791 18842.673925 20274.717201 20242.610780 19133.893090 19677.842898 19689.498887 19637.592447 19119.026328 18691.524618
22419.267519 20934.155530 22496.946687 22426.693362 21223.462811 21804.638681 21822.227150 21799.577021 21246.466985 20699.413417
19310.231160 17981.995883 19342.303083 19321.306671 18272.496018 18778.895981 18777.500369 18782.105297 18282.678780 17838.521402
13851.972003 12931.251001 13902.723768 13881.209689 13106.861969 13483.264356 13467.732828 13464.736402 13150.002691 12785.856389
21536.045800 20049.303074 21565.065364 21563.012593 20389.237384 20889.552740 20945.991043 20902.479204 20363.162610 19888.161684
18901.690204 17636.161005 18962.779679 18948.723658 17903.590210 18382.568365 18409.717346 18365.379596 17910.717486 17447.679786
18158.790978 16928.071943 18207.645489 18193.464186 17182.208261 17631.326588 17677.482516 17661.277695 17191.826393 16788.157635
15495.156789 14484.289059 15564.987813 15515.399787 14678.451356 15089.818695 15110.459777 15089.561826 14692.325413 14302.615514
18786.490500 17493.406500 18848.550774 18816.947132 17780.005644 18222.233550 18270.524165 18250.516692 17818.966794 17363.441893
17575.703993 16418.228650 17662.093055 17633.891890 16676.913532 17123.690358 17113.674506 17144.153347 16679.777776 16199.081830
19929.637984 18596.457642 20042.495849 19952.001130 18885.502295 19455.007930 19406.512734 19403.832327 18904.679121 18436.741346
19301.955680 18015.401141 19344.404655 19318.327493 18283.840751 18781.765270 18798.257045 18798.037053 18277.482265 17835.493693
11511.789298 10752.785748 11561.589446 11542.572435 10911.136115 11214.916634 11211.732963 11210.753182 10908.544625 10632.645691
13348.784068 12470.601385 13408.270670 13376.983145 12636.562130 13063.742415 13020.685043 13015.312474 12671.270239 12297.716345
19391.295572 18137.456937 19473.829844 19435.258551 18369.208841 18901.592429 18897.592882 18898.656971 18416.411230 17886.413149
22507.747112 20976.263031 22592.215606 22528.399247 21311.608928 21906.480682 21909.722560 21901.161063 21349.580175 20764.822141
16111.966983 15051.428623 16196.535842 16149.859479 15254.087748 15685.414757 15711.937929 15704.547387 15265.285935 14893.389389
13482.863827 12599.881279 13535.140499 13508.821244 12764.712867 13171.362337 13117.788095 13135.282486 12783.940795 12424.899973
24864.615400 23138.794967 24878.713255 24890.383409 23553.693803 24153.713002 24151.375707 24122.842037 23551.511350 22925.827441
20956.509056 19566.797961 21017.557250 20984.627445 19872.336666 20414.286872 20425.924064 20396.302975 19897.652579 19364.369305
11902.595181 11123.578716 11958.407086 11929.328175 11277.467299 11627.384640 11608.436310 11608.134803 11300.530182 10995.055704
26301.358325 24491.065467 26364.721832 26322.334190 24914.598937 25583.676929 25575.273205 25535.806773 24923.078662 24301.899436
13727.287194 12778.846139 13764.639373 13744.278790 13002.278325 13327.650847 13346.305296 13327.862247 12963.542189 12667.588695
11263.725161 10515.177908 11315.692407 11281.183693 10684.378386 10990.051002 10993.157565 10972.736299 10693.140676 10395.267150
11512.678362 10754.609298 11563.819899 11543.548783 10929.287318 11224.479042 11235.561861 11209.595201 10915.239459 10643.165559
25447.251490 23743.888377 25558.263922 25483.529069 24093.522385 24815.022068 24768.860573 24779.342580 24140.625371 23531.711961
18137.181483 16927.987786 18206.638884 18165.878015 17174.008078 17625.297600 17681.952926 17639.432158 17205.763768 16765.008590
22229.031475 20744.496019 22355.382519 22285.817520 21068.914382 21685.383504 21660.531543 21662.892470 21122.510549 20546.393592
19280.117959 18005.309051 19377.080749 19320.687652 18278.365540 18763.831180 18772.915288 18714.518248 18258.890179 17821.044653
15175.396983 14173.025985 15242.614532 15229.196244 14361.267981 14741.618691 14788.526529 14761.223508 14368.219637 14032.098775
18913.346136 17617.060848 18949.449723 18908.843641 17868.345180 18379.494354 18385.316841 18391.675335 17869.501420 17466.945025
19026.918899 17749.712554 19119.204464 19062.881878 18027.532727 18528.623225 18563.633010 18508.149270 18060.479985 17592.579450
25585.105734 23863.001718 25679.875005 25636.733285 24218.698850 24957.091672 24888.497715 24896.282028 24247.528772 23609.611739
24206.379853 22538.732461 24265.207710 24225.837133 22905.019647 23534.256950 23559.984351 23539.722984 22906.944320 22375.047521
23824.953200 22186.329540 23901.926183 23820.178134 22545.397117 23135.455122 23158.115128 23142.977061 22577.177772 21995.065336
18074.696597 16895.794049 18150.892701 18128.732487 17142.375425 17612.447054 17624.554134 17583.286994 17148.917062 16712.529162
18663.840305 17415.558371 18704.355336 18704.427691 17658.106095 18163.903331 18167.317785 18146.647909 17690.311183 17202.228094
23511.838869 21974.519729 23620.313942 23582.065523 22276.152410 22898.625049 22895.288944 22899.796352 22320.954114 21712.569519
15009.249532 14016.478297 15066.063478 15035.838630 14221.461049 14603.346212 14636.827292 14607.064138 14224.880060 13923.082671
15134.716622 14144.442194 15197.628510 15151.101208 14334.003221 14741.154261 14757.099210 14721.703962 14345.225585 13969.017757
13457.870037 12595.275775 13512.835400 13468.802400 12767.256631 13093.531111 13091.933723 13081.078168 12759.797709 12459.713728
24999.141687 23286.736951 25040.680601 25027.835543 23671.984355 24297.215743 24300.758074 24273.700470 23684.868000 23072.619395
13455.403499 12551.722597 13485.835510 13494.912710 12754.215087 13095.785018 13130.583025 13081.130752 12744.130045 12416.731632
11517.053730 10762.786310 11574.360901 11549.278215 10913.617894 11254.569223 11235.347631 11216.821821 10936.463738 10624.081881
13086.398369 12182.020108 13103.684113 13096.020593 12359.156110 12712.070910 12724.868685 12726.318349 12390.284463 12092.524451
22113.185385 20586.579248 22180.466535 22131.605925 20906.967969 21546.451484 21507.814304 21517.145477 20978.416369 20407.918444
20953.718281 19522.206346 21034.140618 21023.149480 19846.143750 20394.459752 20405.120597 20392.619412 19856.031991 19382.092104
21047.335439 19636.938949 21144.885563 21101.828773 19933.957987 20532.935200 20486.237245 20504.548561 19979.817852 19441.645009
20185.487515 18858.236949 20273.382032 20250.959495 19134.881738 19669.965161 19661.382494 19644.929955 19164.579556 18617.670714
14642.035670 13645.645156 14693.414989 14684.894704 13884.191202 14215.434423 14258.024463 14242.606825 13885.645325 13527.276608
17868.587420 16653.603738 17901.374520 17869.806686 16879.617311 17351.307080 17388.981849 17357.604539 16878.425166 16499.492872
17473.877232 16301.015409 17551.072402 17521.162271 16556.745227 17016.107408 17030.603993 17004.536263 16588.117113 16157.672780
14073.156599 13174.483199 14140.671815 14091.000491 13357.865642 13751.182624 13728.664796 13740.765759 13376.453502 12992.210658
20050.631753 18660.815395 20083.390780 20070.463846 18995.781537 19487.724597 19476.019083 19453.288333 18953.375329 18561.332076
25451.382057 23763.784833 25596.712238 25537.419559 24114.111290 24849.366246 24833.473996 24836.723273 24186.817527 23561.044809
16941.035982 15794.378000 16997.776033 16990.064579 16063.422087 16472.169597 16527.889687 16471.133824 16062.242843 15668.618134
26007.596773 24271.456512 26112.746006 26058.282090 24640.224472 25305.238057 25344.693932 25295.802043 24610.772764 24030.812842
20684.253964 19322.716879 20791.337840 20734.543932 19600.866553 20149.887530 20153.243701 20142.914719 19607.002639 19069.335341
19011.193894 17719.182000 19051.440768 19028.543023 17975.632422 18504.161683 18490.970696 18458.257161 17986.729767 17527.887594
14598.049398 13650.462858 14664.166946 14616.887016 13818.420195 14218.741362 14229.858983 14208.095439 13835.945030 13475.535665
13573.612557 12684.468783 13615.723639 13592.004940 12866.441142 13202.379344 13207.950969 13200.642118 12851.218113 12542.452376
25253.125509 23523.529895 25295.879819 25288.115393 23925.209449 24572.438636 24572.583187 24532.019823 23939.231822 23323.502154
