0.303581 0.758507 0.622635 0.719050 0.531881 0.694530 0.148154 0.669021 0.693121 0.862451
0.337658 0.785523 0.525178 0.662979 0.527775 0.626224 0.195724 0.649358 0.677419 0.826537
0.401426 0.771750 0.584204 0.747779 0.503556 0.627924 0.180739 0.749550 0.649156 0.890232
0.307385 0.768145 0.646639 0.689185 0.506019 0.658657 0.184214 0.740381 0.755024 0.887528
0.275694 0.744373 0.589475 0.709374 0.607196 0.632444 0.182668 0.727931 0.663594 0.873281
0.348833 0.702950 0.584721 0.749629 0.505903 0.670187 0.150395 0.730584 0.637479 0.887663
0.289213 0.722493 0.654357 0.686960 0.553970 0.653281 0.153238 0.759104 0.704363 0.885407
0.330493 0.769157 0.527964 0.737786 0.561555 0.707447 0.164708 0.652727 0.695338 0.872121
0.286136 0.741681 0.637136 0.648649 0.525275 0.629960 0.161109 0.748376 0.682957 0.874432
0.294627 0.817071 0.592834 0.692992 0.503797 0.671264 0.184946 0.756717 0.640479 0.895060
0.305391 0.737035 0.635715 0.737133 0.542332 0.693377 0.150821 0.733854 0.673322 0.900751
0.342968 0.804457 0.559128 0.721218 0.451982 0.640847 0.225574 0.731089 0.693943 0.882797
0.336094 0.655898 0.662077 0.746934 0.532860 0.660996 0.155741 0.643513 0.731633 0.883705
0.332919 0.753695 0.587388 0.733078 0.564603 0.670242 0.160828 0.708578 0.663582 0.869750
0.299097 0.739159 0.648811 0.677989 0.543618 0.616619 0.171794 0.743973 0.677667 0.892217
0.292141 0.789309 0.599219 0.694177 0.449454 0.658559 0.180493 0.707053 0.697058 0.899808
0.351481 0.760524 0.523469 0.677711 0.509125 0.705639 0.178351 0.667497 0.709754 0.877814
0.327502 0.798721 0.621522 0.715667 0.546750 0.723496 0.144510 0.694892 0.701183 0.875440
0.341474 0.755218 0.606269 0.712652 0.551788 0.638883 0.183027 0.727924 0.655153 0.881669
0.339686 0.768947 0.642870 0.744348 0.484814 0.739803 0.190191 0.706558 0.722641 0.898030
0.320048 0.721134 0.509980 0.754561 0.478623 0.639412 0.190968 0.742879 0.690046 0.869129
0.361328 0.763591 0.500897 0.657632 0.523368 0.612970 0.200065 0.669396 0.713490 0.847993
0.345497 0.788943 0.623000 0.685288 0.553461 0.645958 0.185846 0.718720 0.706444 0.899359
0.314330 0.780714 0.650484 0.704779 0.485228 0.676442 0.192588 0.734903 0.719454 0.881493
0.345133 0.705872 0.642766 0.701830 0.494893 0.642257 0.139853 0.741456 0.639070 0.887720
0.289306 0.751090 0.491917 0.702067 0.553808 0.697749 0.144492 0.689303 0.703760 0.875234
0.270232 0.743938 0.677366 0.707110 0.538914 0.581340 0.184441 0.698171 0.679623 0.891085
0.277558 0.732358 0.603894 0.745637 0.579434 0.690640 0.171183 0.653479 0.728928 0.870787
0.366201 0.773770 0.580441 0.662847 0.493761 0.626665 0.154005 0.642361 0.690180 0.870335
0.312103 0.760518 0.675533 0.697930 0.483128 0.672707 0.168113 0.734013 0.688927 0.884396
0.332217 0.703115 0.613361 0.753685 0.561969 0.600636 0.161087 0.731104 0.728599 0.893635
0.316392 0.752642 0.568560 0.708170 0.499411 0.666064 0.148412 0.766992 0.708822 0.883527
0.360258 0.779922 0.609458 0.708641 0.515469 0.600789 0.171537 0.692448 0.644440 0.874460
0.371581 0.768302 0.663948 0.721759 0.461995 0.694832 0.169769 0.703549 0.728745 0.894425
0.324336 0.782106 0.593413 0.739063 0.505071 0.629501 0.147496 0.705856 0.699737 0.897072
0.326155 0.771623 0.592481 0.713148 0.497472 0.622482 0.197676 0.774543 0.758231 0.888095
0.299837 0.672856 0.638907 0.767854 0.568362 0.638696 0.154594 0.682678 0.637124 0.893338
0.315030 0.794714 0.575868 0.700768 0.492604 0.651522 0.168226 0.677387 0.691972 0.856089
0.338549 0.765500 0.572756 0.676619 0.515474 0.706436 0.144232 0.694710 0.667433 0.856710
0.364779 0.743550 0.592298 0.728035 0.586260 0.657828 0.149745 0.640228 0.670603 0.888173
0.317172 0.727267 0.662973 0.702586 0.508932 0.582305 0.166191 0.727237 0.749126 0.888527
0.320375 0.801791 0.647733 0.712737 0.537464 0.686687 0.138400 0.710883 0.679203 0.854790
0.291372 0.753822 0.684227 0.641887 0.501250 0.616037 0.147500 0.711353 0.700201 0.878659
0.334463 0.758720 0.654491 0.750709 0.541683 0.670275 0.187013 0.726381 0.696590 0.889302
0.259754 0.754098 0.622173 0.728258 0.543848 0.642865 0.137776 0.727929 0.702828 0.877560
0.275271 0.750728 0.595894 0.757880 0.562502 0.638025 0.195166 0.678906 0.668950 0.874060
0.302745 0.764463 0.630511 0.696510 0.531268 0.655478 0.149581 0.647216 0.655734 0.868211
0.269951 0.800528 0.612280 0.659510 0.525702 0.681335 0.205753 0.692166 0.710388 0.867266
0.322159 0.744014 0.595971 0.692038 0.587426 0.642073 0.173516 0.702613 0.698629 0.881412
0.300261 0.752020 0.635471 0.743995 0.561467 0.702947 0.145049 0.664304 0.684463 0.884742
0.322407 0.735401 0.638893 0.715160 0.562006 0.649482 0.168520 0.733071 0.732081 0.881520
0.323219 0.776797 0.538704 0.656153 0.512915 0.555570 0.189290 0.617772 0.708640 0.841997
0.315480 0.788151 0.577430 0.662007 0.522353 0.576602 0.202492 0.646764 0.684884 0.855802
0.332348 0.733064 0.615099 0.745720 0.501315 0.630599 0.169718 0.773878 0.746671 0.893202
0.287084 0.767984 0.593325 0.660747 0.525928 0.625508 0.169501 0.663072 0.634884 0.880817
0.296629 0.768913 0.633611 0.702945 0.515102 0.694038 0.134276 0.650110 0.650480 0.879189
0.363746 0.767703 0.503607 0.667198 0.518053 0.588617 0.163249 0.648765 0.708118 0.848301
0.322073 0.779835 0.591596 0.719117 0.539610 0.687879 0.194636 0.696248 0.676020 0.899679
0.295108 0.727122 0.596745 0.751644 0.542847 0.591606 0.218978 0.687993 0.699031 0.851074
0.349749 0.770017 0.658599 0.689374 0.495081 0.655762 0.166109 0.748236 0.765503 0.870463
0.343849 0.766915 0.571124 0.703924 0.514122 0.579774 0.239164 0.705223 0.697971 0.874712
0.320563 0.814133 0.624879 0.727526 0.516283 0.653381 0.185781 0.738974 0.717504 0.891231
0.311459 0.736666 0.636560 0.732911 0.570190 0.656423 0.143928 0.683670 0.697079 0.868938
0.308507 0.728064 0.545280 0.735183 0.507930 0.575587 0.163046 0.657905 0.723318 0.825110
0.348746 0.795578 0.530506 0.682145 0.493839 0.649922 0.144516 0.624066 0.636122 0.837549
0.310880 0.793411 0.601897 0.720647 0.462603 0.630015 0.191198 0.777208 0.696608 0.894858
0.327005 0.721793 0.610973 0.760886 0.503236 0.609908 0.165599 0.718168 0.686962 0.884368
0.354554 0.751515 0.592216 0.742112 0.503902 0.642786 0.196541 0.717515 0.783253 0.878742
0.360930 0.743057 0.458504 0.694989 0.539812 0.546890 0.191185 0.704634 0.716640 0.877659
0.321378 0.747383 0.560473 0.738088 0.593743 0.655205 0.153903 0.599129 0.683246 0.866782
0.355916 0.739405 0.576977 0.703138 0.591410 0.662424 0.183361 0.701171 0.681735 0.873819
0.332497 0.760616 0.658112 0.678632 0.461679 0.614234 0.208863 0.729156 0.687128 0.914991
0.341298 0.750212 0.624900 0.694032 0.560651 0.605648 0.186456 0.736894 0.706402 0.878140
0.310899 0.749706 0.592256 0.731446 0.506971 0.657936 0.147911 0.699888 0.703296 0.871724
0.288808 0.735628 0.642215 0.720792 0.571677 0.671430 0.146781 0.658604 0.718720 0.897046
0.320165 0.765107 0.568117 0.748153 0.534336 0.636148 0.168367 0.655580 0.740199 0.861373
0.269185 0.720692 0.607776 0.708212 0.549810 0.657101 0.176092 0.705809 0.761524 0.885073
0.324967 0.737406 0.652209 0.706552 0.484943 0.631652 0.147306 0.741289 0.799309 0.874432
0.320942 0.763200 0.648379 0.704768 0.505344 0.674851 0.192264 0.761828 0.711603 0.883646
0.299195 0.777819 0.672647 0.672960 0.475419 0.649966 0.189491 0.735723 0.699287 0.908809
0.308840 0.757515 0.560902 0.757853 0.567816 0.651914 0.173167 0.655767 0.706982 0.855502
0.309118 0.780613 0.575922 0.711228 0.530284 0.646678 0.145897 0.641832 0.712525 0.875644
0.349396 0.732161 0.527008 0.760070 0.558686 0.682927 0.177544 0.694494 0.674815 0.888040
0.362190 0.787749 0.598740 0.729019 0.488907 0.670671 0.174112 0.690874 0.671262 0.878360
0.354684 0.773623 0.608425 0.676034 0.540440 0.659410 0.185783 0.644166 0.689477 0.858022
0.289143 0.788369 0.661845 0.689674 0.563449 0.697905 0.147224 0.697382 0.643305 0.872998
0.332162 0.703657 0.650074 0.692793 0.558454 0.609252 0.153468 0.729700 0.753060 0.877745
0.328080 0.734873 0.546766 0.741264 0.534853 0.696481 0.181464 0.691695 0.655501 0.875518
0.360249 0.781363 0.527261 0.696799 0.502896 0.630709 0.197879 0.646591 0.703782 0.851407
0.328168 0.822197 0.498176 0.655663 0.522815 0.605340 0.193452 0.724047 0.643268 0.887489
0.381400 0.704685 0.554145 0.704540 0.552589 0.594614 0.158373 0.660152 0.629515 0.859656
0.292350 0.781823 0.617210 0.672862 0.512946 0.577129 0.182888 0.716899 0.705982 0.905339
0.336498 0.777170 0.581594 0.719716 0.566635 0.624256 0.175185 0.682673 0.642523 0.875753
0.321568 0.719519 0.652702 0.722784 0.549532 0.643518 0.167489 0.676154 0.689825 0.890272
0.304874 0.764741 0.665565 0.704700 0.526441 0.697250 0.161642 0.672593 0.686408 0.874094
0.293738 0.781774 0.547232 0.721914 0.532530 0.685639 0.178616 0.633415 0.650168 0.853641
0.338296 0.749809 0.648567 0.686602 0.533630 0.626572 0.186398 0.683880 0.686234 0.862875
0.317543 0.782258 0.632223 0.707167 0.542339 0.759156 0.134484 0.630186 0.651367 0.851432
0.319656 0.719526 0.630081 0.740408 0.540855 0.673351 0.176427 0.712849 0.738246 0.886129
0.321067 0.753702 0.683756 0.695820 0.466593 0.642684 0.187076 0.745185 0.762821 0.884740
0.314216 0.772651 0.592416 0.696812 0.561304 0.632346 0.142937 0.712556 0.668803 0.874949
0.260728 0.779879 0.678813 0.665754 0.514746 0.581573 0.187687 0.706627 0.649319 0.896792
0.284659 0.743303 0.630467 0.690412 0.540018 0.609992 0.176877 0.735718 0.684423 0.892279
0.342224 0.775911 0.626983 0.695225 0.510655 0.644322 0.219479 0.701411 0.673439 0.877402
0.284961 0.739580 0.634414 0.677202 0.545982 0.645781 0.169710 0.712136 0.704398 0.875960
0.336144 0.754972 0.633214 0.664453 0.503888 0.647460 0.149158 0.732682 0.792325 0.879677
0.333339 0.711173 0.599174 0.744880 0.559012 0.635187 0.152854 0.702970 0.591832 0.878299
0.296674 0.749740 0.556821 0.722949 0.530713 0.669709 0.191501 0.704221 0.692891 0.868849
0.347482 0.738397 0.438286 0.616681 0.502330 0.591287 0.175377 0.673554 0.721916 0.889716
0.310222 0.741797 0.558494 0.735735 0.549984 0.664871 0.176327 0.659420 0.653547 0.879285
0.286029 0.720033 0.568292 0.727714 0.589723 0.627824 0.143462 0.712533 0.668780 0.881613
0.300650 0.738275 0.547566 0.732745 0.526453 0.647470 0.159708 0.647552 0.685524 0.857681
0.300699 0.734026 0.654110 0.717622 0.534250 0.586840 0.180378 0.713642 0.731847 0.878116
0.312332 0.736387 0.658819 0.679886 0.501714 0.684122 0.136256 0.744603 0.724791 0.875949
0.347955 0.733681 0.493246 0.674551 0.523459 0.539614 0.214327 0.668101 0.674314 0.859613
0.281361 0.793782 0.609672 0.726449 0.517907 0.636501 0.193658 0.655060 0.646830 0.869891
0.262191 0.747040 0.649524 0.695828 0.555196 0.617222 0.162420 0.687186 0.656626 0.871856
0.389965 0.728508 0.466437 0.762933 0.533721 0.723560 0.189650 0.684875 0.725330 0.862992
0.326750 0.775125 0.570393 0.705048 0.542948 0.581938 0.180667 0.648424 0.662406 0.853085
0.331886 0.752643 0.513471 0.645221 0.491498 0.594130 0.199560 0.651766 0.676964 0.822591
0.328579 0.691682 0.531639 0.661022 0.530713 0.673982 0.164584 0.619821 0.732991 0.879402
0.411603 0.714978 0.410300 0.598790 0.514833 0.569349 0.185513 0.644605 0.710281 0.842716
0.354201 0.718651 0.580644 0.748229 0.491344 0.628845 0.173151 0.732038 0.710816 0.856292
0.321219 0.793052 0.629527 0.641526 0.451473 0.577604 0.166854 0.726835 0.694408 0.893778
0.328136 0.744961 0.621933 0.723769 0.515051 0.634621 0.196047 0.729244 0.748252 0.884864
0.284949 0.773679 0.631536 0.729820 0.549893 0.671828 0.126807 0.697192 0.716101 0.863651
0.375478 0.710358 0.567552 0.690405 0.583701 0.621660 0.176881 0.638493 0.617426 0.890674
0.308368 0.781136 0.584388 0.696343 0.453728 0.667400 0.175408 0.740039 0.673237 0.893889
0.285847 0.705495 0.643572 0.721246 0.519737 0.647648 0.158800 0.760829 0.711250 0.894772
0.300400 0.730917 0.656431 0.721297 0.546909 0.682133 0.119952 0.731172 0.737601 0.892053
0.277735 0.742235 0.613099 0.734526 0.549910 0.696533 0.166465 0.712497 0.679690 0.886524
0.310470 0.807087 0.578541 0.713680 0.515971 0.679828 0.184402 0.686127 0.673230 0.891098
0.298230 0.757277 0.599952 0.650418 0.552334 0.609918 0.150326 0.705408 0.667957 0.876600
0.304846 0.747242 0.665952 0.752047 0.509924 0.678319 0.173096 0.693942 0.695326 0.881377
0.285439 0.747313 0.660418 0.758221 0.516628 0.638274 0.143317 0.699958 0.690871 0.871067
0.285260 0.757866 0.594600 0.715116 0.563087 0.727017 0.175723 0.720430 0.677825 0.880918
0.324032 0.695990 0.625747 0.747350 0.556845 0.639497 0.221231 0.693578 0.724451 0.900301
0.340715 0.777373 0.646354 0.713177 0.541051 0.694876 0.168105 0.709614 0.698768 0.872807
0.385112 0.738652 0.559437 0.718565 0.547412 0.617882 0.130630 0.697833 0.755036 0.867071
0.304557 0.797626 0.631340 0.734837 0.533099 0.685717 0.193338 0.643881 0.676842 0.863433
0.327831 0.755896 0.607739 0.665397 0.499195 0.695790 0.191616 0.736062 0.669069 0.910318
0.303661 0.774584 0.681419 0.714559 0.473775 0.635916 0.210469 0.737846 0.698157 0.888195
0.280307 0.767403 0.609165 0.675006 0.580295 0.623953 0.242952 0.685474 0.599895 0.889140
0.346071 0.750784 0.548291 0.754560 0.535957 0.669873 0.167333 0.700966 0.679467 0.853386
0.339232 0.727227 0.585660 0.745529 0.569875 0.675292 0.212469 0.683977 0.678408 0.875494
0.296900 0.805362 0.556157 0.666494 0.488654 0.632788 0.219178 0.732710 0.675032 0.903193
0.313254 0.758648 0.545638 0.653993 0.497362 0.732222 0.139929 0.694311 0.623629 0.869024
0.315664 0.734770 0.625514 0.712912 0.577958 0.669467 0.147810 0.712406 0.638330 0.893461
0.308935 0.759225 0.607909 0.718034 0.502703 0.693686 0.175185 0.689072 0.645684 0.875949
0.279395 0.744350 0.618565 0.725574 0.516548 0.651015 0.173162 0.637686 0.735953 0.858787
0.291178 0.736785 0.632144 0.745479 0.539166 0.580868 0.164248 0.733062 0.735426 0.873958
0.363403 0.750390 0.577397 0.695727 0.508323 0.638986 0.157888 0.677263 0.590509 0.873917
0.321448 0.734084 0.610725 0.693535 0.526635 0.640050 0.183527 0.716658 0.730477 0.875745
0.322945 0.749160 0.630371 0.742567 0.559333 0.641213 0.177977 0.707482 0.692041 0.891503
0.268216 0.779547 0.626692 0.701069 0.535594 0.640207 0.176624 0.707583 0.665763 0.877465
0.376108 0.732796 0.586942 0.744027 0.547582 0.638242 0.150159 0.681078 0.705918 0.882640
0.408205 0.771240 0.512148 0.619604 0.515345 0.524199 0.231108 0.671126 0.683401 0.843989
0.317745 0.766771 0.592321 0.697630 0.550526 0.713787 0.172870 0.674466 0.647898 0.887264
0.308788 0.765176 0.574306 0.722882 0.541838 0.576333 0.192109 0.690633 0.684327 0.872434
0.376937 0.744688 0.454335 0.746051 0.527501 0.724385 0.169553 0.736035 0.660657 0.852149
0.315988 0.732799 0.623151 0.749977 0.601334 0.649712 0.207908 0.666179 0.636788 0.863549
0.332375 0.770323 0.510395 0.669848 0.565878 0.678716 0.135314 0.688856 0.680039 0.852581
0.262122 0.730662 0.623552 0.662256 0.577851 0.654282 0.156899 0.699682 0.608730 0.883826
0.294292 0.794567 0.650669 0.737144 0.518431 0.651993 0.174132 0.698993 0.680785 0.879100
0.283781 0.703486 0.541402 0.769512 0.561404 0.588246 0.212329 0.707138 0.689887 0.858807
0.329734 0.696270 0.618640 0.776941 0.508951 0.659852 0.155270 0.707808 0.677037 0.870602
0.340408 0.812937 0.603912 0.707550 0.523115 0.685239 0.189506 0.647834 0.684360 0.869198
0.326102 0.779155 0.563273 0.734072 0.520911 0.676481 0.194854 0.712049 0.695235 0.894980
0.303743 0.727832 0.637065 0.650532 0.533268 0.686699 0.167956 0.733631 0.707972 0.871740
0.293566 0.752921 0.568385 0.738302 0.546110 0.681832 0.165281 0.692301 0.666015 0.874148
0.261307 0.737199 0.627486 0.684924 0.528811 0.646970 0.162800 0.690154 0.664454 0.884786
0.414421 0.705109 0.485345 0.739980 0.507860 0.714864 0.164541 0.739676 0.709162 0.873774
0.283753 0.751844 0.662548 0.647994 0.525004 0.636854 0.197463 0.709402 0.670292 0.881675
0.342184 0.767343 0.622061 0.722485 0.459383 0.613410 0.203613 0.769058 0.672265 0.879490
0.315252 0.715824 0.631299 0.728723 0.523343 0.608355 0.172669 0.748644 0.759151 0.886013
0.335331 0.777205 0.576669 0.721177 0.487725 0.655717 0.207174 0.747667 0.687060 0.901611
0.270111 0.701781 0.660026 0.704397 0.576029 0.599162 0.134282 0.724190 0.658360 0.878650
0.346990 0.750561 0.645209 0.723613 0.523174 0.625194 0.179054 0.731376 0.757249 0.885658
0.369190 0.813387 0.472741 0.600096 0.480785 0.613385 0.175489 0.727516 0.705836 0.876334
0.325418 0.755306 0.493192 0.728735 0.559836 0.657736 0.180416 0.676971 0.713478 0.850533
0.348073 0.725450 0.672606 0.709131 0.543870 0.630154 0.158522 0.717621 0.713336 0.895295
0.286156 0.773450 0.551718 0.662061 0.546096 0.663168 0.149957 0.709966 0.640375 0.861859
0.358546 0.729090 0.625056 0.712699 0.563133 0.619116 0.170192 0.687852 0.697181 0.867664
0.319901 0.731240 0.599613 0.699889 0.512968 0.667519 0.198086 0.674113 0.657874 0.895570
0.287042 0.731853 0.615691 0.668963 0.525552 0.611170 0.183680 0.717327 0.709776 0.872558
0.323969 0.772068 0.582883 0.638421 0.512427 0.601690 0.190702 0.760576 0.671878 0.896341
0.302003 0.669820 0.592372 0.684265 0.581300 0.593471 0.169483 0.664566 0.674059 0.870753
0.338324 0.703337 0.474311 0.760502 0.495055 0.678045 0.190049 0.717735 0.716387 0.875604
0.311914 0.715692 0.561216 0.709684 0.562368 0.691957 0.150975 0.646187 0.675262 0.881846
0.326216 0.728677 0.512875 0.761384 0.548505 0.671107 0.162473 0.733917 0.702762 0.883103
0.402775 0.692095 0.521552 0.742243 0.494106 0.627233 0.180023 0.733351 0.688654 0.859254
0.294842 0.807463 0.566937 0.687064 0.460396 0.621784 0.210173 0.741486 0.715052 0.891234
0.347867 0.784076 0.545287 0.719332 0.548300 0.608578 0.205812 0.615657 0.697223 0.841614
0.308610 0.779728 0.575739 0.674515 0.488760 0.581122 0.202264 0.716940 0.671872 0.894753
0.290433 0.785571 0.594808 0.707881 0.529157 0.670072 0.173146 0.696272 0.637718 0.864361
0.351318 0.792728 0.596373 0.743405 0.489962 0.719471 0.179784 0.659013 0.674141 0.903900
0.294136 0.719472 0.574011 0.709941 0.549270 0.599740 0.172281 0.682602 0.679304 0.870505
0.319750 0.795751 0.594513 0.674704 0.519621 0.705235 0.132749 0.742673 0.674334 0.887855
0.285531 0.693281 0.614832 0.772563 0.502975 0.673972 0.187838 0.670505 0.720007 0.900770
0.393300 0.720368 0.561678 0.735278 0.514285 0.715163 0.165144 0.709992 0.636843 0.842992
0.253348 0.733233 0.626868 0.694687 0.556457 0.651653 0.164535 0.721021 0.683596 0.881617
0.336480 0.787613 0.643533 0.691397 0.497645 0.660765 0.211636 0.758044 0.730432 0.875389
0.297061 0.802295 0.639331 0.689925 0.501493 0.701397 0.143711 0.718187 0.691996 0.867886
0.329468 0.753413 0.614404 0.722387 0.536436 0.654887 0.153629 0.665363 0.662510 0.868441
0.347954 0.721576 0.620215 0.732969 0.544387 0.635614 0.154880 0.745326 0.637458 0.888718
0.300548 0.749452 0.646948 0.677337 0.494120 0.640294 0.145691 0.755409 0.773109 0.877021
0.391618 0.758841 0.484685 0.635103 0.514302 0.610815 0.199838 0.636064 0.700127 0.842711
0.341115 0.763479 0.566807 0.645275 0.499472 0.644560 0.168713 0.709235 0.674986 0.878107
0.318662 0.728799 0.668204 0.703330 0.516161 0.642461 0.168195 0.719155 0.724064 0.877867
0.410611 0.748706 0.434750 0.682306 0.504390 0.607161 0.218172 0.662669 0.727785 0.875739
0.307199 0.755305 0.528143 0.712267 0.548996 0.617305 0.170828 0.634136 0.703429 0.867923
0.326037 0.735815 0.646905 0.714568 0.529388 0.611162 0.149975 0.758709 0.732141 0.887936
0.305085 0.728264 0.627649 0.651488 0.533014 0.597754 0.156090 0.746088 0.646209 0.880118
0.300118 0.674235 0.476716 0.737524 0.523706 0.667504 0.207536 0.705156 0.665618 0.866703
0.328045 0.760277 0.600940 0.688964 0.547644 0.619001 0.156865 0.703897 0.671651 0.841741
0.278470 0.747312 0.617859 0.704032 0.514670 0.705511 0.195592 0.724360 0.665457 0.861618
0.316247 0.747153 0.560887 0.719125 0.549267 0.617014 0.156548 0.618333 0.706972 0.881099
0.263666 0.770202 0.601971 0.679901 0.519438 0.703968 0.198858 0.665352 0.657782 0.879878
0.317906 0.727474 0.596916 0.740637 0.575091 0.643165 0.170672 0.670957 0.649526 0.863648
0.339636 0.768991 0.568531 0.743511 0.520269 0.612035 0.181169 0.668899 0.758398 0.874932
0.308813 0.760736 0.515989 0.655902 0.479722 0.669292 0.126573 0.665069 0.720988 0.897621
0.363670 0.726865 0.552489 0.740520 0.549122 0.664344 0.172665 0.634400 0.610894 0.857638
0.314188 0.712778 0.539029 0.757957 0.532882 0.561210 0.219606 0.750980 0.659189 0.862937
0.316619 0.775676 0.607585 0.701397 0.542109 0.663571 0.185626 0.694964 0.669010 0.890113
0.320880 0.801664 0.621225 0.601160 0.518975 0.607720 0.154268 0.648573 0.690643 0.871331
0.308199 0.796682 0.606332 0.687225 0.521224 0.724585 0.133551 0.734684 0.659072 0.878030
0.290653 0.732077 0.648532 0.634693 0.572797 0.648252 0.159712 0.739717 0.680194 0.890316
0.302730 0.717982 0.651136 0.736315 0.542455 0.622205 0.169605 0.648906 0.641868 0.879747
0.296729 0.707579 0.615770 0.712041 0.530830 0.596977 0.161467 0.670769 0.640171 0.888806
0.346186 0.716866 0.438653 0.643567 0.519800 0.602968 0.198328 0.639832 0.728858 0.873787
0.419044 0.775221 0.572074 0.686032 0.477485 0.652529 0.189457 0.668413 0.679976 0.897704
0.318405 0.754788 0.633884 0.725073 0.524021 0.652580 0.156086 0.759878 0.746018 0.891139
0.337271 0.807981 0.556823 0.667444 0.564192 0.602732 0.205973 0.641858 0.652333 0.875620
0.355571 0.751362 0.530416 0.708959 0.498097 0.686252 0.189126 0.740574 0.658452 0.869875
0.279827 0.807495 0.567005 0.691216 0.527359 0.671111 0.184337 0.665910 0.644489 0.872614
0.297543 0.780666 0.616974 0.694750 0.527074 0.681821 0.212132 0.688478 0.677188 0.865099
0.261887 0.814144 0.656108 0.646133 0.543532 0.647906 0.162235 0.631665 0.743774 0.862378
0.283459 0.765601 0.594183 0.622841 0.515355 0.620329 0.215342 0.690961 0.655811 0.863077
0.355647 0.719196 0.548015 0.696461 0.583039 0.576620 0.174324 0.645358 0.641940 0.864218
0.361577 0.802085 0.594696 0.752008 0.500808 0.640461 0.201172 0.751554 0.740813 0.875590
0.295657 0.719126 0.647692 0.683875 0.497489 0.618389 0.126067 0.751044 0.653766 0.893482
0.384089 0.719407 0.507601 0.695272 0.485644 0.627230 0.180766 0.692857 0.624402 0.838059
0.289259 0.738502 0.579211 0.759163 0.558601 0.663125 0.216534 0.701949 0.762361 0.855028
0.304977 0.757211 0.587107 0.658881 0.544181 0.654385 0.213046 0.647443 0.660372 0.876016
0.336901 0.716202 0.592487 0.723930 0.587167 0.653394 0.158165 0.609373 0.725926 0.856657
0.306402 0.808374 0.616419 0.695377 0.527767 0.705066 0.124381 0.727014 0.670963 0.890379
0.376808 0.802184 0.486988 0.612112 0.498396 0.587798 0.153389 0.666610 0.695236 0.857649
0.270200 0.730790 0.642235 0.712330 0.565527 0.608551 0.154656 0.646737 0.678508 0.882830
0.264744 0.708408 0.648822 0.714529 0.585538 0.677057 0.151345 0.735439 0.694247 0.884475
0.410480 0.717270 0.419381 0.646172 0.529209 0.548884 0.207397 0.671307 0.740301 0.890075
