3488.420715 3367.438073 3373.771928 3439.028198 2917.652758 3449.160878 3443.589772 3402.707338 3519.989427 3276.696817
3569.698621 3450.041764 3471.015668 3534.590555 2993.132803 3532.530666 3546.900925 3476.023279 3613.329566 3344.099005
3292.405229 3179.198123 3197.096526 3255.316180 2762.639069 3260.522689 3267.748800 3206.923431 3321.849866 3074.821914
3530.020341 3426.795911 3444.545850 3512.655359 2976.497588 3502.389296 3518.328570 3434.666190 3569.763333 3309.832444
3487.579247 3359.590989 3376.077397 3431.623917 2909.465562 3432.262790 3441.698788 3399.039475 3507.020200 3264.153883
3493.409737 3391.244269 3409.889566 3482.049933 2945.335198 3473.067555 3495.135324 3415.158947 3537.236053 3269.508026
3508.790245 3402.385866 3392.754895 3448.483064 2936.609019 3464.572811 3480.384658 3416.644240 3551.453728 3283.369244
3529.331246 3426.331966 3424.700959 3484.974506 2954.101490 3487.790640 3491.985767 3448.315696 3569.081990 3308.330135
3361.432424 3253.235901 3263.253939 3332.459080 2820.071274 3334.384241 3339.702679 3277.080374 3392.102482 3151.490957
3387.226649 3283.235409 3291.287850 3357.410692 2850.007080 3349.324803 3363.392889 3296.973624 3429.082691 3179.568428
3536.908029 3429.105553 3446.116979 3520.591535 2972.670909 3506.735494 3530.184335 3451.654846 3580.619561 3314.884847
3407.499569 3293.209886 3305.131253 3367.600708 2854.189377 3374.559537 3385.658391 3321.919777 3437.274404 3190.046830
3299.716897 3176.600823 3168.785348 3230.388704 2749.585741 3249.072244 3252.119803 3199.791662 3315.191990 3074.505152
3452.002919 3327.260375 3356.888858 3414.831351 2901.092368 3413.303091 3427.540331 3365.741733 3487.945386 3225.754935
3721.280593 3602.943379 3607.251561 3684.947444 3112.778795 3678.130964 3682.519906 3632.854382 3760.507214 3474.732431
3421.241729 3308.956873 3321.521525 3389.670058 2856.443060 3369.312108 3387.584912 3335.902898 3454.043827 3203.267489
3511.149086 3410.145595 3417.061519 3482.283986 2952.031313 3476.985520 3497.360414 3415.756252 3547.238486 3285.505044
3398.213620 3278.689303 3311.933390 3357.404361 2874.374729 3379.073241 3382.988435 3301.900084 3433.380909 3178.602267
3648.682517 3541.613410 3571.175198 3626.972193 3088.734690 3630.344186 3650.149474 3575.197352 3697.532263 3432.279938
3374.173903 3274.529465 3274.737769 3342.540211 2838.305294 3342.683936 3357.981259 3293.115368 3414.287439 3156.618064
3443.206439 3337.891316 3359.218720 3410.645589 2895.318706 3425.446341 3425.976761 3360.217855 3487.811401 3229.667389
3337.552328 3222.112700 3227.681264 3291.408084 2798.693919 3308.416128 3296.543090 3248.490425 3376.402610 3131.498264
3461.756502 3357.743857 3365.886655 3418.347613 2914.662748 3434.440521 3441.084322 3371.107712 3511.698471 3248.838431
3672.981539 3550.605736 3563.127045 3637.690754 3090.163302 3640.259329 3646.713316 3568.344795 3707.551977 3442.949371
3479.341898 3363.713792 3372.264461 3439.148458 2907.231856 3430.197091 3434.130376 3380.781764 3505.178400 3251.214891
3363.212305 3258.283839 3274.002530 3325.117752 2821.642514 3318.851342 3323.867091 3279.192775 3389.155039 3160.503603
3394.209987 3281.097725 3309.388785 3368.832483 2846.742338 3355.130417 3375.276805 3300.553716 3421.524431 3169.902435
3584.797928 3458.148271 3468.724806 3532.547641 2996.683763 3539.637733 3539.516965 3484.525378 3620.185436 3356.503338
3433.806247 3332.111258 3323.750087 3382.363370 2890.086096 3394.143737 3410.094269 3340.378168 3467.831550 3213.320503
3589.802277 3469.196008 3491.498950 3553.711508 3016.386849 3548.263652 3574.781854 3504.683820 3621.571295 3354.505826
3399.421820 3288.445764 3303.089053 3365.352185 2854.828610 3363.718249 3382.176025 3309.027867 3431.730160 3181.769919
3391.690617 3291.948462 3298.809966 3351.957406 2834.942496 3353.013224 3352.832560 3314.016348 3428.520403 3166.687166
3445.225637 3343.925610 3345.232630 3411.308906 2875.893659 3387.354018 3404.585601 3352.185825 3484.811523 3226.553542
3636.300237 3522.542167 3521.206404 3592.896750 3049.561056 3593.719013 3606.806729 3547.263164 3670.361211 3404.057901
3593.868856 3483.203742 3497.226028 3569.998704 3013.549883 3551.235795 3586.452929 3501.515350 3638.010451 3343.958267
3658.698616 3552.230714 3565.538962 3630.947344 3074.297435 3630.449680 3633.919589 3570.571603 3706.134333 3437.846423
3431.396005 3319.006098 3335.967418 3392.929572 2885.771910 3399.955550 3414.130176 3338.281699 3451.387100 3206.272171
3565.552543 3436.190149 3466.554866 3524.506802 2987.979365 3510.263877 3535.524315 3480.486815 3598.980899 3341.601912
3327.908723 3209.059474 3226.326163 3281.673892 2785.230750 3289.777391 3284.991784 3230.187464 3354.412453 3108.474043
3535.083626 3413.415422 3436.008984 3495.362517 2986.322414 3514.947100 3520.718471 3460.174533 3575.003324 3324.330938
3574.492317 3438.346641 3450.833990 3517.087776 2977.752564 3512.643818 3515.329853 3469.096614 3594.650007 3342.588347
3729.649266 3606.119430 3631.884581 3693.590724 3108.683518 3663.982286 3699.044149 3627.451724 3768.870438 3471.320954
3459.420142 3339.574432 3341.876512 3396.139008 2893.980483 3413.725085 3409.769246 3366.288145 3498.790972 3230.489273
3445.466937 3316.425503 3319.013501 3387.372731 2869.688739 3396.776887 3391.722233 3342.429541 3468.511240 3211.748121
3501.607647 3380.852264 3393.058895 3450.829980 2925.693488 3456.406706 3459.786685 3405.466607 3540.361345 3281.020309
3325.876433 3210.618697 3237.950196 3305.728545 2798.020491 3294.834827 3307.501620 3229.711024 3349.594599 3102.083114
3469.417879 3370.090619 3388.464624 3441.084320 2911.748802 3436.482508 3437.093544 3382.994088 3519.718491 3279.321773
3495.882082 3390.465611 3393.673984 3466.615993 2936.028175 3468.451754 3472.762192 3403.217199 3541.425737 3289.706588
3655.012970 3540.696985 3551.770863 3627.053582 3064.495958 3622.482036 3630.400851 3557.364222 3692.624347 3422.159346
3604.131885 3498.310123 3530.092833 3603.032058 3052.851166 3590.998796 3602.205152 3520.750969 3639.329102 3395.906833
3460.768808 3348.269152 3364.627252 3431.697257 2902.906037 3414.530346 3431.844559 3369.446078 3497.412142 3237.325952
3460.554292 3342.743263 3366.733851 3418.950491 2897.905497 3424.536560 3435.855434 3366.280270 3496.570015 3235.949911
3603.274692 3488.016680 3499.019198 3577.957689 3031.480999 3555.988192 3593.426173 3515.016073 3644.066253 3370.799700
3467.742183 3364.540992 3374.222284 3444.714746 2919.044094 3445.476673 3446.147385 3372.585487 3503.687264 3253.651261
3395.929693 3286.024235 3280.437314 3352.281130 2845.263655 3354.129715 3366.051336 3300.404784 3422.037163 3187.068010
3450.502233 3330.007401 3365.942647 3415.334222 2902.151671 3408.139879 3429.014290 3371.430203 3482.267471 3235.667840
3594.707119 3495.589038 3520.165916 3584.020884 3038.408255 3586.958102 3596.577144 3533.006415 3647.430094 3377.599519
3570.079056 3459.619444 3443.844286 3517.580729 2969.179705 3515.106719 3524.528746 3470.215008 3612.272276 3353.305935
3516.157842 3406.446742 3415.692561 3488.381966 2949.936070 3481.028466 3492.410496 3428.543445 3552.825135 3287.374518
3225.999888 3117.141469 3138.323950 3193.869859 2715.594959 3183.974652 3200.731650 3128.881172 3248.712856 3021.324748
3403.788593 3292.358201 3310.040292 3362.123753 2873.428806 3382.972825 3388.810605 3320.238296 3451.172815 3188.072507
3510.736534 3396.547485 3418.084588 3475.595516 2950.547763 3471.956048 3492.743980 3429.712801 3548.075498 3287.085326
3389.960921 3287.125140 3300.124703 3359.342015 2858.736260 3354.469740 3371.173123 3300.556001 3422.199848 3179.860547
3552.130057 3414.792631 3416.029044 3486.546571 2974.909904 3507.721181 3497.485928 3448.542081 3560.247824 3310.074014
3583.813104 3474.404225 3477.159554 3534.612793 2997.995692 3530.188581 3553.479581 3506.936468 3621.295804 3368.695376
3584.186165 3478.522732 3495.226409 3562.082850 3002.981175 3553.163973 3551.174924 3503.658879 3621.157559 3368.472863
3551.454505 3433.434573 3459.940768 3521.554736 2984.179184 3517.912251 3529.169474 3467.295338 3589.562827 3315.737223
3339.043242 3214.876309 3220.786073 3286.693798 2780.941439 3295.971098 3283.974344 3252.573139 3362.095943 3123.555549
3658.046859 3535.052897 3553.639601 3613.576934 3059.052744 3604.120209 3627.373718 3569.007331 3688.881368 3410.820827
3471.139046 3358.290552 3383.654122 3451.686553 2908.128079 3424.698947 3444.693948 3368.357038 3496.818385 3247.319988
3439.771851 3339.439795 3359.257950 3433.629497 2916.856881 3433.191392 3428.718455 3368.630904 3494.570466 3236.746423
3455.275051 3346.639731 3377.195317 3426.482468 2915.133425 3429.348930 3429.792784 3372.914184 3497.658168 3247.126087
3535.809049 3432.795710 3443.529590 3513.037287 2971.740981 3500.343843 3510.938741 3428.638660 3568.033685 3314.819532
3548.429430 3437.080865 3461.515244 3523.609697 2996.718340 3531.774724 3530.606728 3468.116829 3595.802527 3334.564874
3337.856688 3238.844856 3264.460899 3323.889757 2807.091569 3304.005620 3319.844818 3253.096275 3378.033980 3114.425657
3511.826107 3396.857876 3437.607145 3499.988437 2968.167478 3491.758140 3519.028208 3430.838905 3545.880378 3293.946937
3379.977611 3278.442887 3275.842798 3343.555730 2851.875917 3359.610125 3374.648664 3295.709620 3416.584683 3162.384492
3365.642038 3275.646182 3289.650877 3339.163508 2826.710650 3331.713725 3353.621638 3289.729772 3404.877586 3145.712669
3391.054431 3284.231905 3297.662074 3366.003493 2853.049864 3350.333774 3373.380073 3295.258194 3430.207642 3182.751091
3391.754958 3282.795211 3309.327068 3369.778751 2856.728370 3348.427209 3375.732564 3307.025867 3428.568803 3182.491752
3399.607873 3299.356533 3315.023477 3375.388784 2869.216410 3371.829344 3397.695999 3317.922787 3439.577701 3177.567063
3376.874321 3272.134074 3291.574040 3365.030246 2847.242726 3349.544532 3366.074495 3300.984906 3414.440994 3171.263534
3436.596717 3317.701840 3345.842605 3403.524495 2887.052606 3401.639239 3403.306481 3349.220726 3473.215602 3213.738787
3524.180874 3409.842616 3424.416898 3479.030729 2958.828577 3491.172875 3504.953092 3433.892175 3567.923145 3302.086324
3549.934128 3432.924190 3442.844715 3486.786142 2966.255346 3507.779343 3505.456140 3449.656056 3575.437698 3314.903444
3423.882793 3316.573716 3353.009013 3398.320357 2880.846816 3403.490534 3404.823157 3351.476068 3466.749568 3237.519763
3393.371450 3276.711620 3298.578703 3355.729401 2851.274631 3353.757690 3372.988617 3294.670422 3422.600541 3173.659925
3486.023477 3382.665546 3384.043698 3440.914992 2914.741143 3446.326589 3452.661072 3393.669394 3524.506453 3262.027137
3552.893883 3447.266486 3454.921318 3533.452275 2993.142339 3521.124801 3518.965517 3465.522951 3594.910882 3338.153624
3445.697751 3338.704128 3330.481054 3402.824462 2873.764790 3399.289049 3416.692099 3337.053782 3482.101356 3210.025112
3382.794299 3247.859666 3269.585224 3319.350222 2832.900009 3339.858313 3342.514365 3278.572346 3400.294595 3161.122712
3562.057401 3452.680706 3466.206223 3518.445007 2976.449006 3516.993286 3532.717115 3481.796173 3602.346647 3344.477353
3248.960345 3146.537628 3149.524907 3209.202883 2731.244329 3222.038327 3219.470735 3173.853229 3287.550569 3049.280395
3485.134891 3340.184183 3385.505591 3441.820013 2917.439118 3443.343381 3452.700720 3387.418978 3515.114313 3248.736426
3500.468164 3394.473966 3418.473277 3464.674286 2938.811789 3460.767436 3453.458736 3409.844278 3537.052025 3301.190902
3653.802508 3533.458493 3552.713787 3627.447114 3071.028751 3611.588070 3622.098032 3547.160712 3698.825065 3423.647132
3459.017597 3358.902546 3372.418029 3420.693115 2905.784653 3433.161950 3441.512524 3370.387136 3487.050169 3227.459520
3720.024842 3605.485196 3617.694931 3691.007251 3122.736179 3681.198177 3699.467813 3619.722555 3764.892065 3475.554094
3406.113171 3293.427430 3285.030991 3350.841697 2840.928741 3354.867273 3360.763132 3322.148676 3432.716939 3195.713458
3716.396844 3602.301178 3614.123960 3678.463795 3124.338968 3682.271521 3697.583060 3624.138114 3749.184885 3479.507282
