-372.4533 -1587.3114 -211.9444 -8.5611 -1460.4510 286.4096 777.4639 -1610.2094 -727.3611 -1198.2443
-840.7726 925.4322 767.8346 702.5477 -310.6180 1389.8382 -286.6444 2867.7891 -2994.2149 565.6959
1111.8692 -2065.0469 345.6375 -623.9700 1549.6145 -949.4633 301.9592 -90.0433 3504.1012 -1737.2634
-1005.9416 623.5590 -1540.5498 1193.2095 1334.1817 394.5869 296.1949 1833.8207 1973.7801 306.5312
-3641.6119 2071.4994 1434.5909 542.3896 919.2882 172.3088 176.4436 -474.7629 3850.7073 -410.4763
-3583.6804 -1578.3638 3158.2046 1294.3895 -1410.4261 828.1517 -515.2657 756.2464 -3733.7874 999.0855
1073.0858 -633.7130 -8.0020 340.3025 -1747.3270 1119.6147 244.5691 1187.8599 1982.3045 207.0235
237.3008 2456.8966 337.1999 -460.3114 -2394.7427 -720.4471 980.3526 4933.3053 255.4244 468.5169
-5235.3700 1994.9908 2728.3345 674.1184 439.8446 238.4149 -451.1461 3466.5739 -477.9913 1243.0067
2246.2614 3436.5955 -2524.6091 821.1208 -1443.3098 -1039.9376 910.0927 3283.3168 2419.0126 924.3654
209.1665 -2664.0195 -1425.3742 -167.9013 3725.8103 -83.3077 113.2676 -1245.3510 317.4839 626.6606
-2157.5437 932.8619 1221.8382 1327.0211 -5178.3156 -331.7488 283.2007 2674.1010 1555.5567 785.8393
-3109.1198 -485.7782 4188.6735 1512.6090 124.1605 -482.5479 -58.9797 2580.7913 -2885.8171 -78.5654
2635.7289 653.6074 288.1015 117.0414 -5463.3413 -104.3318 -575.4611 7930.8278 3260.2685 1314.1519
1910.1929 -2150.3279 -785.9185 848.3055 -4403.7318 699.4724 -342.5195 2477.7460 2110.6993 775.4269
-3025.3024 1902.8688 1599.4407 -380.5799 -3351.4410 479.5458 550.0775 6976.2646 -2810.7249 1485.0013
-3664.3007 1160.3497 2853.4932 1154.4514 3338.9994 521.7867 -642.3775 -39.5746 -938.3122 -355.8750
-1791.8438 -125.5576 -394.2702 512.9816 -1337.5854 225.5180 124.0121 -2374.3844 244.8429 884.8895
-608.6416 -2236.2237 -199.1436 -509.0658 -245.2064 -1395.5607 1747.8320 -1440.4305 1319.0504 -497.2538
2400.6829 -3705.8220 4934.7588 -236.2904 -4338.6565 497.0681 -634.3679 2245.2983 -5145.3109 940.0944
-4652.0001 4045.7749 3088.3901 549.9556 -512.6748 -52.0646 -367.7482 1644.6842 1359.1991 1056.9454
1054.2178 62.0861 1825.2685 655.9114 -2446.9043 897.7284 -112.3020 2806.1337 -2609.8987 1744.9384
-892.2605 -776.6901 1941.4627 1426.0219 -3075.9197 984.9990 -1106.0750 752.6176 995.3091 1139.1693
-2896.2480 -2263.5508 6044.9668 -524.0786 -2065.7474 23.4307 53.8503 6638.0656 377.4141 326.9608
375.9037 341.0093 159.7893 79.5588 1621.5714 712.5769 -398.2883 368.3722 1105.7918 816.2853
-2867.6263 469.1016 2912.2342 1471.0448 -222.3388 1471.1996 -830.1269 1526.7123 -654.5513 235.0643
-457.6881 3958.3276 1077.3747 296.3811 407.8392 261.9081 721.2617 848.8252 3767.0537 111.0211
-1059.1507 -2989.3302 1314.0245 -551.3132 2434.3970 478.7482 -256.1933 -291.9123 3346.3013 836.0764
-2428.4186 3159.0409 -61.5903 1940.4842 -1926.9640 252.9416 212.0606 3982.6163 -2228.9499 1618.5751
2853.3630 -1397.1814 263.0050 712.9987 -3209.5543 955.5293 417.0163 3052.6102 -5267.8888 -752.0423
-1701.1749 -1591.5564 -1255.9723 496.5836 4347.6842 -30.5792 207.8813 4152.6066 891.5830 -225.1480
-5048.2615 -117.8260 2008.8063 1569.8299 4952.3216 707.0014 -3.0085 75.6171 520.4643 -324.1165
-5131.3302 5164.4654 579.0102 -392.4141 -3056.3519 1860.8293 827.7945 3429.5267 -552.7014 1329.2505
2826.3777 -1301.3761 -810.9574 -1122.8165 164.0412 2035.8953 844.2630 1257.2521 -2476.8916 -399.4808
-2818.7268 3448.5613 3921.6178 -509.0297 590.2459 1357.5355 -309.3203 3469.0122 1712.4905 848.6253
-549.5743 47.2877 2501.3024 574.7439 -2006.5856 402.1567 -373.0584 6299.1393 -1470.4051 722.8692
-1833.3297 -1017.5000 595.1178 -293.0342 -1661.6373 -24.2155 444.5029 2206.7220 -193.2612 1751.4114
-1483.1964 -1465.6239 2200.3876 -678.4703 4625.6252 409.0562 717.0791 -5237.8394 159.7280 1163.7291
-4955.7269 898.9052 2663.9136 1752.5666 2543.7580 -476.3807 -1024.2466 -680.3141 2039.4313 -697.9542
1583.0603 -2722.0030 -82.7922 223.6386 -4221.2916 780.0311 480.7141 7391.6757 -1432.2865 1620.2101
-1937.5758 -2110.9098 2415.9071 986.9552 -1256.2386 -1065.8784 -457.1440 610.1763 110.9137 -713.0341
-479.1645 1553.9388 60.4309 -311.8445 2517.9973 712.5027 -262.3738 1863.6900 -3616.5409 -612.8914
-837.3893 -4075.1906 1623.8362 -195.6893 2982.7282 377.2627 -392.8534 3766.3547 478.8622 -1635.4307
-1767.3438 -3452.8844 2522.5722 -13.5181 -1167.8714 431.8707 23.0148 -2345.4839 -1441.9409 575.1956
-4599.6416 49.7863 5387.3745 569.4964 753.7076 -39.5141 -1187.8918 479.7380 -1201.4151 1483.1798
-125.5070 2593.9494 -349.2782 -47.4605 -1531.8003 866.2491 237.9807 308.3522 -2013.3794 313.0883
-487.4931 663.0223 -465.1519 -82.2559 -1896.7107 -559.7574 146.0119 62.8690 -1310.6763 -405.1799
-2490.0518 -4236.4976 3622.5411 -31.4767 -546.3543 118.3256 -108.3673 -165.4565 569.9054 490.4921
-4552.4008 -416.0809 1365.1216 45.3235 918.4571 749.5862 -208.7636 3307.1306 1618.9907 211.4797
-4217.5328 699.0777 -1527.6394 1038.7164 -1834.5930 710.7525 91.0395 -516.1405 -2103.5126 585.2841
-208.9536 -3119.3774 717.7967 786.0598 444.3466 -356.6140 22.6886 -2473.1447 4391.0827 1791.5293
-4692.9044 -304.8903 -1006.0642 1018.7443 1186.3769 1282.3223 -692.6948 594.2148 770.1990 -234.0598
-3730.8309 85.5322 1740.4167 157.2893 -1822.4618 1077.1547 -230.5359 1815.8578 1160.8366 2205.0722
347.1995 146.9036 3063.5410 641.4750 -1334.2084 376.5250 -521.0809 1373.4003 -1967.3781 466.1877
-580.5922 -378.8974 1496.7460 -100.4452 3474.8968 359.4495 -712.3230 2229.8357 2492.2870 1604.9982
2858.8795 -733.6265 -2209.3484 1041.7702 -4219.6675 -907.6187 -326.7649 3627.8108 -806.7058 1682.8334
-627.8441 -2238.6542 1853.8441 486.2012 -984.2972 -5.7528 189.5421 3340.8682 -2060.1662 1350.4832
-2204.5823 571.7316 669.0782 -323.0903 -2545.9683 1567.9706 -122.6941 1123.4391 2493.7918 -89.5799
-751.8492 -2618.3274 2326.8654 318.6159 3133.0352 -404.4417 44.4392 -3075.0426 1165.4154 -2583.7048
487.4388 1339.3866 1312.9255 -493.3718 -1223.1505 -252.9187 1539.2161 -1072.9437 5032.3775 35.6096
1532.7805 -892.9617 4648.6992 542.5955 -1362.9896 109.5360 -512.4268 -629.5768 1260.7233 1197.2238
-3493.4217 1650.2288 3069.1189 476.2173 3344.2504 689.4249 276.8353 3256.1041 -2465.5805 1845.3486
1225.4926 -2497.8383 884.9769 -1718.8926 -1753.0587 -394.6513 888.3214 30.7820 2015.1575 1274.8803
-773.3950 2299.6476 5004.2914 79.6611 92.6312 1526.9371 -61.9075 2373.0543 -966.2164 -57.4714
511.6882 -714.2465 -1068.5266 -492.3501 -708.4466 886.6304 -51.0423 -1050.6891 4590.1797 -715.9944
2150.4598 755.8655 -1131.7554 -43.1728 -2080.4779 1364.2088 938.6979 -19.8366 7037.9612 1038.4752
1245.0135 -1035.8743 645.0611 146.0549 2464.2926 788.7893 1033.7403 -2616.0914 -941.8946 -1421.4771
-1514.0334 -2591.5626 1461.7883 1067.4273 -3694.5393 868.7090 -1209.5108 2226.0205 -4463.7396 497.3778
1652.8162 -2966.3009 412.5172 1071.3696 -531.6343 61.5969 -409.4994 -238.7682 -1539.8764 162.3055
-577.4113 -173.7777 2626.6161 696.2720 -2376.5459 1030.5243 -684.1655 314.8502 2019.0253 1952.4691
-312.2498 938.7103 1274.4020 48.6521 -3003.8282 -633.0973 487.1797 -509.1514 -559.2290 1998.5629
-3490.3949 488.5179 3251.4146 58.3097 -5018.8890 1464.8465 534.8284 9197.8279 -661.3200 1474.7264
-34.9268 -2632.2207 -1722.0589 381.9980 -1783.7171 503.4091 407.4292 2953.7027 1736.3953 630.4879
-1361.3541 2076.3099 190.3921 -13.6406 746.0746 431.5073 284.0247 -421.7146 -321.9188 2424.0446
-21.9809 -1919.5901 4132.3357 -360.2863 363.5653 828.1704 -540.5368 413.5317 2537.4594 1161.0178
-2064.5116 1816.3107 804.0414 531.3452 -1492.0550 43.9510 -722.1490 1261.2632 -1266.7670 780.9990
-1555.9414 973.0034 -1158.0048 -251.4573 81.7195 607.3205 -101.9914 -1371.8725 -1752.5394 979.4327
-4551.3722 866.5618 172.2916 528.6196 -242.0864 277.3916 -289.0253 5507.2484 -374.5864 468.6971
699.6296 -393.0128 -52.7301 658.5536 -3101.6317 77.5893 -334.6215 1368.8830 1861.8715 2353.2883
-576.9713 -989.8878 1291.6841 -306.2460 -2857.0605 973.2663 37.6265 734.7474 2789.8093 1255.5720
-2314.2471 1009.3170 -1245.3205 786.3342 1014.7570 -670.8310 1095.2802 -534.0311 -820.8143 474.1347
-2605.5984 2360.5969 189.5923 801.7258 463.5342 224.5168 305.8982 3029.0481 -1046.3989 1510.2582
-3001.0769 2552.9779 213.3335 362.4907 248.0871 576.9266 288.3266 736.3188 -1349.0747 1002.3253
1579.2645 -1931.8797 1577.6463 1049.3422 -4729.2089 949.3576 -681.4446 -330.2459 750.2565 1824.6463
-935.4636 3677.8309 1520.7313 316.5132 1700.3709 701.0840 -25.8849 -80.5691 68.2509 1004.7584
1806.9500 -790.6710 1924.8468 464.7867 -1584.1850 91.1630 719.6552 2091.4446 -3602.0173 1409.3206
2160.0917 -871.2879 1605.9764 -70.3256 -1148.1957 892.3731 -384.1902 5218.1741 -1241.0688 104.0225
-3031.5378 2294.6175 4220.9892 803.4900 -3033.1539 -732.8119 -271.2242 -2261.3141 654.7607 1473.2474
1153.9192 -1475.3694 3383.6136 584.2916 912.0957 5.4546 -321.9860 -2503.5792 2354.2741 -1163.5690
-53.2385 -1613.0892 2318.5359 126.8460 2855.5711 604.0852 707.0929 2760.0654 1027.6596 -608.1765
3257.0610 -3660.1924 3802.9728 1976.1032 -3081.2812 -265.9488 -1145.4834 3297.7325 -2342.4336 699.8098
306.1985 3351.6756 3002.0657 -930.6055 3473.2983 255.6952 2131.0563 -3207.4455 2444.7273 1019.9770
-616.8052 -1172.6321 1334.4260 251.2725 -1525.6896 877.6806 899.6629 -564.2909 -947.1609 151.2084
1385.7261 -1751.0536 1537.7785 1108.9350 -1521.5749 1170.9293 -1014.2705 4325.6942 -3640.0768 341.2979
3514.3658 -1463.2788 769.7076 -1066.3589 -3583.3352 45.5187 144.3696 3739.9113 -489.9342 944.0460
3520.7424 -2114.8045 -2659.4382 -314.9116 719.8623 1246.9635 1086.7008 119.2115 1821.5656 175.6383
-802.5746 325.8474 3099.6563 227.4058 -2328.5515 -290.0305 -932.5252 -548.6902 1115.7660 739.4309
2088.3251 -1526.7508 4011.7238 -153.0216 -4551.2292 1475.3188 -319.2140 2649.8532 -1463.1842 460.9801
4036.5511 -2194.9472 4821.0755 939.2310 -6561.0845 1824.3718 -1968.0578 8834.4602 -3850.4596 1461.9732
-1842.6199 495.1302 1446.3886 11.7748 -644.5032 1118.8993 485.2373 -383.2234 5792.0073 401.8110
-721.2427 -2645.2030 5616.7316 277.0353 -554.1612 -710.4594 -879.5179 327.9696 4236.2799 -214.1032
-2888.4297 1350.5136 4062.8714 -113.4857 -3575.4748 249.9390 269.2146 -387.5185 3616.6012 1233.8791
-2296.4841 901.5588 -2172.3721 239.0587 4238.3647 1465.4946 814.0514 -2856.0172 4905.3783 -191.3926
2583.5069 -1476.4185 -823.2239 -301.7036 2352.5471 317.6779 1034.8616 -3813.9953 4670.6257 1284.1398
1863.9806 -7008.1472 -33.0634 -608.1345 3007.0612 894.7014 -57.0324 -1655.6464 1540.7074 730.4561
-7.0061 1876.5768 895.0735 194.8466 -2865.9687 -1104.9700 -36.4146 6883.2531 1031.7676 2284.2223
-3033.3533 -1414.4731 464.6733 993.5962 277.1246 289.0128 410.3466 2883.9217 -2758.6249 543.5569
4126.4156 -1126.0085 -2115.1966 474.1067 -1949.9896 1282.1469 -546.3362 917.6008 1054.7864 10.4403
-1618.0653 1767.6573 -396.9944 1296.7955 -2968.9466 -272.1387 -431.6814 8364.1776 -2061.0752 1256.3178
1315.7793 -1987.2465 -601.8694 856.4023 -3645.5111 178.5589 -375.1606 3865.6907 1144.6791 2465.5131
-1558.9063 133.0574 1407.4964 1016.6750 54.9044 177.9209 155.9198 4317.0600 2919.4742 -969.7320
-3635.1716 -406.1092 3575.8939 305.9937 -1628.9200 611.9044 -238.3931 4638.8918 1961.5786 1412.0725
1772.6704 -2038.7970 -712.1775 243.2527 -1528.6659 -294.0448 -810.1666 -287.5268 -2614.5713 887.2266
-3755.7313 2592.6737 4368.4433 392.0873 -352.1453 174.9198 152.5535 -5285.2788 3372.2576 1040.2068
1345.0709 -938.7695 237.9556 770.9598 312.3048 -752.7229 248.4731 1273.7845 434.0799 -473.2292
-1771.4766 -993.3620 1417.0436 210.4922 -3802.5674 861.9701 253.7294 108.8365 5380.0266 1605.5460
2006.4346 40.1044 5650.3575 362.9985 -964.4712 844.8697 -577.6027 1939.1013 -3.7178 238.1463
-3384.2093 -1726.9348 1055.8906 1245.2974 1139.2772 656.6441 -1090.5289 7536.2057 769.1753 669.8924
1648.8735 -4626.9274 1721.1807 74.3927 191.9076 -556.0592 -642.3658 -421.3879 -4118.4775 -296.5153
460.8857 -1622.6080 1488.9870 441.6897 1508.4209 1122.1197 -692.1918 6756.8304 -2033.5149 -974.7545
-3621.0699 -2310.1002 3771.9935 356.8598 -1698.5444 243.8087 895.4115 1406.5183 -2393.3609 1534.9742
1687.2167 -4110.1776 -499.6621 -806.1994 -5428.3287 164.6215 541.3030 2091.5491 -11.7018 2256.6690
-1032.0247 -1637.4202 2692.6828 1535.0484 -1703.5129 467.6933 -194.4359 -333.4451 221.0540 1347.2156
-3689.2430 -1506.8466 1779.0623 1725.2527 -1062.7672 -80.0535 -315.7603 -3052.5912 777.2589 -62.2022
-639.0742 -872.1302 1300.0621 619.6270 1724.5681 178.7293 -350.2964 1154.3601 -2003.8546 594.6646
-310.2805 2356.1125 4054.7224 -108.1704 -132.7462 440.2877 -407.6668 1578.0296 2834.7150 171.0424
-2349.0426 -1666.0055 2549.8822 1278.9454 -885.1901 1029.5498 -721.5852 3342.4410 -1073.6519 -141.5247
-2680.8686 151.0285 876.9123 -344.3030 -1786.6439 1315.8788 -466.0224 3980.7245 -220.1364 2388.7800
-3954.4085 -64.2300 1818.6357 974.5561 558.3341 229.5275 -524.9741 4633.6345 -3069.2897 376.5502
3179.6158 -2808.0014 -1145.2476 436.9780 1871.5040 172.5103 196.7704 -1978.7473 -2405.0868 -695.3211
-502.4249 1493.7674 581.7272 865.9148 -411.0714 387.1005 -140.6077 2791.7411 3204.7918 272.6883
-1660.1853 -322.0029 3515.6299 16.0128 2747.4831 623.8545 382.6164 -646.8537 4715.9845 -1574.5465
-3001.1613 -65.2188 -441.5986 1265.5123 -1434.3577 -189.3594 230.8187 412.3868 2099.0659 907.7062
2463.0648 -3667.9760 -858.0792 772.3038 66.3522 -104.1196 -516.2819 1923.8873 1424.1846 3476.4034
-526.0558 1132.6788 3544.9755 569.6974 338.1011 -486.8398 591.8343 751.4548 -1055.5686 -426.9679
-2996.8840 -630.4229 2990.7788 -612.2689 -6525.5504 -1332.6330 1178.0896 867.2502 -1479.6454 1291.8802
-2826.3331 -1492.2927 222.2325 -919.3181 2813.9737 2040.2937 1244.9132 -4428.9536 6247.7333 1311.9472
-2765.8149 -1104.5299 3702.3549 78.2724 2669.5212 203.1631 -682.3066 4704.7499 -3294.5625 -25.7366
-1422.8114 -2181.4210 -302.4887 1402.7775 545.5993 22.4586 -983.3460 -67.9337 2483.4017 688.5448
802.5002 1593.7276 312.8079 -192.0042 180.1002 -346.6712 647.9745 1647.4862 2192.6873 2561.7051
1455.3813 -1891.6376 -3449.4845 -163.9798 -289.8803 824.1787 647.3237 -396.8876 1478.5660 71.6031
-943.7230 -1291.6925 940.7582 -919.8215 1670.3637 747.8215 -576.9161 2923.5617 -4926.9378 213.7674
2537.2726 -4493.6833 -5086.5921 -247.3535 3105.9163 946.1309 349.6962 -1892.4309 3202.5887 134.0252
-791.8567 3194.7629 -2069.9332 648.0307 -2155.8409 -152.2677 222.3024 3897.3869 -3050.7505 1764.3203
1046.1227 -3499.6251 1931.8831 388.8237 -3742.1513 595.2309 -703.8167 -3040.6811 2549.3175 270.2521
-1918.2894 -288.3499 1794.3986 778.6860 -584.1222 952.8467 -289.2039 3027.6224 1835.3806 431.1233
-1448.8393 -2650.0720 774.0596 -728.0323 2992.2022 692.1005 536.0964 -3760.2525 2053.4166 230.5029
-3038.9539 1904.9334 2444.7638 542.6304 2084.6503 1509.7811 552.1239 3028.0000 -566.2129 292.7098
883.3903 -3078.5221 -1579.3169 426.4870 2302.2637 53.6648 171.9602 -4396.8795 150.7333 -805.6477
736.5394 -4240.9520 2756.0399 1751.5133 -2907.9855 700.0304 -837.7837 -77.0851 569.1375 369.3689
725.0353 -2330.7240 -1665.3495 1199.3305 -2354.7785 1866.2445 -66.2700 -2096.8487 2818.0371 1022.4235
1473.6862 -2211.9650 2821.8045 -147.1039 2837.3403 -224.5053 777.6290 -3671.8662 4130.3756 -262.9567
-1858.2510 314.8129 1958.3138 19.0779 -951.5020 548.0934 -210.1466 6527.9127 -3750.5520 1262.1184
-4951.0362 -28.5485 2001.6361 967.5326 -2407.8451 232.7362 49.9728 6143.0788 593.6565 730.3520
1465.8405 1963.4185 2597.8651 1407.2499 -3787.4572 786.6645 -555.4319 3459.6494 -244.8300 2178.8019
-1558.8151 620.9264 545.5229 660.8336 -1787.4416 346.4591 316.8403 4046.6843 -428.0031 3547.1912
-2150.4624 2407.7624 -86.2134 701.2663 417.0843 719.5626 404.6338 2187.2542 3419.4905 -644.2065
-5430.2886 -152.9851 6633.6037 1359.3185 -2256.8345 175.5211 -637.3099 7436.2244 -3046.7942 96.7865
-911.9581 -2815.9126 3376.9938 24.6715 -2121.2492 -885.5693 -893.2898 -1333.6673 3697.4875 -211.5780
-4350.4389 2490.3100 3719.0769 196.1460 936.8077 1244.3386 88.0185 -1859.8802 -449.9070 -1186.6184
2014.6602 -1747.9188 1595.0453 734.3787 -1081.4212 -373.8356 -991.7127 4359.7546 -1102.1173 1101.4613
102.4637 491.5652 555.3917 -481.8371 -3384.5587 663.5569 218.4440 4875.8687 1837.2750 926.3223
178.0043 427.8224 -2990.0783 1033.0777 -2392.0019 824.2354 965.5100 1605.8586 -693.4327 -83.3231
-959.9336 -3843.0128 -324.9544 -81.9471 2951.3680 -774.5415 1023.6205 914.9634 2464.0250 585.6616
-1732.4435 1880.9458 -839.8583 1851.6992 -5118.4123 1496.8866 -42.6012 -72.0498 -632.8839 3447.8356
-848.2087 841.9321 597.1860 998.8748 -447.2436 -332.1914 371.3864 3791.7786 -597.3369 248.9453
2823.1741 -455.6343 -104.5192 -1535.6914 35.3038 977.5218 1339.5616 264.5375 -547.0197 251.7050
-2590.8505 -3969.5131 2174.6503 1106.3983 -125.4189 796.9787 -1540.8506 3502.6152 -645.6251 560.0418
-767.2433 -558.3494 261.4115 666.0728 -1354.5631 -170.4752 -529.2612 733.9085 3281.6189 551.5657
3084.4155 -4527.7804 -1529.7650 335.6564 -2913.2459 32.0954 -134.5033 851.6271 -1831.7710 428.0335
1084.4354 48.9385 4147.1117 -61.5046 -1565.4445 1024.3359 -1150.8685 1572.7998 1230.9208 417.5906
-1089.2134 -1039.4037 1937.7998 1018.6579 6265.4717 -1517.7419 597.2420 -2598.9706 -2336.5978 -122.6267
-2650.9866 -1374.4794 -317.6949 -186.5925 1785.8253 857.6928 -1162.0433 2992.3603 773.4903 918.9313
-3853.5915 2396.2836 4515.9842 1536.9060 -4670.8666 294.0692 113.4719 2764.8293 1856.1241 733.5059
-1019.8864 -126.2470 1764.2973 -394.5764 593.7606 1647.5870 -736.7177 3083.0857 2902.1050 -905.9491
-474.4155 -1006.8070 -912.1634 97.0098 -1430.3030 608.8389 463.9065 5338.7805 1357.3936 99.6899
-1637.5838 -1022.7291 -1446.4957 454.6770 651.0752 407.1625 613.6641 -2615.9323 1414.9624 2072.0307
-1977.4452 747.7817 1564.7739 110.0398 318.7296 2176.6176 831.6699 2441.0923 -220.1742 1388.5148
-1884.6315 -2072.4282 1733.7056 703.5552 1372.2922 1956.0087 10.1200 270.8562 -429.7640 -1246.6617
1971.8050 -695.3878 251.4555 -482.0690 -1484.3332 -556.6966 597.2253 -2566.6157 2223.5357 112.7181
118.4603 -1247.2873 1482.0987 1615.0535 -2501.5791 -646.6087 -1251.8513 -1985.5743 4700.9337 655.0397
2210.9580 1258.1168 770.6837 953.9338 75.0243 -388.1213 516.0790 -1737.2676 4155.5042 494.5286
-6458.8535 830.6390 446.0570 -858.8143 4997.0298 398.2406 1361.3421 690.8638 2022.0418 380.2266
935.6138 -32.0006 4608.0798 146.5838 -5141.8419 825.4495 -42.4807 19.2594 61.5172 1377.0058
744.1963 132.0911 -701.1315 617.0753 -1518.9564 1744.3634 -351.0177 -1325.1617 1527.3781 -872.9582
-3104.9487 2272.2854 714.0342 480.7178 -1835.5831 387.2251 -307.0199 575.7992 2435.1316 747.9428
2086.9980 -2177.3094 -1233.6413 653.4866 -2723.0314 605.3482 -236.6378 3334.9279 2242.1962 -825.4853
1340.6265 -1592.5696 -1091.9781 533.3482 -875.4863 -153.6962 531.5989 6310.8755 -1947.5444 -791.9032
617.4721 787.6725 2905.5740 1694.0089 -3909.0754 -319.5430 -428.7723 6089.4180 -2219.1244 1276.2514
-963.5965 -2836.0201 2200.3566 0.4637 -400.1474 1378.6221 -587.3989 1976.5749 2282.6759 58.8990
589.5592 -567.1089 -755.7167 69.4798 2133.8444 705.4457 612.8740 2707.4677 -2111.3041 736.1836
-1020.9268 -2457.9896 1612.7828 -64.0841 714.9971 689.2993 435.4265 1494.5671 -1033.8040 1279.5189
787.0211 -1572.4150 775.9971 -785.9992 -1624.1836 -561.3825 188.7543 1118.5704 1923.4457 1168.3703
-4499.5519 -316.9640 2749.0288 -585.2505 3054.4898 894.3191 298.7200 -3896.8068 4815.4045 107.9459
4310.9049 -5025.1161 412.9986 1093.3461 -45.4353 -273.1088 -816.0637 -698.4924 -896.0208 -481.0968
1920.6269 1461.5685 3516.1634 951.3084 -4371.1452 630.0469 -358.7496 -214.2935 1551.7631 2087.2646
-3250.9302 -1464.9311 223.2843 900.3910 -532.9851 1329.4539 -1054.8548 1557.1903 -238.2364 746.8771
-7391.7490 -1942.0455 3770.7679 598.8917 5205.7385 868.6087 -875.7167 -926.2317 1265.8156 413.4811
-2445.3351 3758.9406 2314.5746 484.3556 2872.3186 251.8812 320.5168 2024.0876 2952.1849 1602.7788
-3840.5245 4323.5258 250.4148 15.1592 5000.0274 -778.0293 864.7622 4160.6806 537.1872 110.0891
-646.0301 221.7911 3844.1320 -9.4210 2145.4459 1262.3130 16.1462 1955.7013 2188.1536 1073.8963
-1051.1647 -1066.1200 2091.9594 713.0319 1243.5424 254.1185 372.0614 1869.0502 -2384.2856 122.1767
1717.0865 -2022.5878 -501.1220 -806.8831 1572.0782 1494.5200 -746.9005 1865.7671 -1401.1800 914.6684
2753.0218 -821.9481 4855.3781 10.7189 -3909.6248 668.9550 150.5428 4130.9921 -1742.9747 32.8923
-1417.0970 1117.6301 -290.3619 205.3089 -2661.1742 -966.2742 -34.3770 1137.1250 45.2971 684.4900
2385.5381 12.3039 -1040.8040 -268.4921 1162.2650 405.7778 894.1000 -499.2233 -254.5380 763.2984
-3773.8528 -2879.2249 861.1182 -1044.5179 2844.2500 1567.8727 528.3353 -1839.0254 2384.6144 -511.8974
1400.9693 -3012.7822 -446.6009 -498.1431 -1264.8338 905.0049 464.4191 2697.9309 552.7494 684.4235
1993.9978 -2216.2876 -881.1490 479.5746 -1693.3549 1928.1165 -694.6795 -783.4395 1385.6921 1000.4432
-1980.2049 2978.3928 3446.8292 1026.1950 -914.6386 440.8533 -101.4294 1768.2474 -851.8556 185.8088
2515.6738 2156.6129 1686.2884 -399.4949 -485.5774 852.9609 539.5996 -742.9722 -1350.6483 874.4044
-288.8819 547.3738 -1655.4634 858.5056 -2543.4142 663.0814 491.2032 78.1919 -756.5953 823.4965
-21.8604 -3894.5034 1067.0711 465.8619 346.9975 -1207.2326 313.5344 -1048.5204 3195.5675 433.3012
-4144.2202 -1920.3092 5073.0644 -532.5897 636.3312 -104.5928 -1230.1604 2641.6875 43.2436 -459.1404
4435.4208 -5588.1594 2373.6013 -423.8977 -4647.5072 167.3760 -211.8439 -351.8637 -448.3699 -803.6733
-3507.5322 -4617.0009 -2538.4001 1000.3194 -1349.3479 1952.4480 -247.9093 849.7066 -2053.3536 1885.8357
-4033.5544 1426.0812 2029.1968 349.2615 1379.5769 453.6602 -813.7166 6267.2927 -631.8801 155.4097
-5138.7042 -1432.3221 1983.2060 -153.5159 2930.3642 -589.3124 1155.9232 -2318.4666 4090.4179 879.2507
-97.5150 -1932.5998 2381.3693 916.8102 1529.0358 1660.5166 -223.6130 -1586.7549 1631.1118 -416.6879
-1479.4102 -2284.1208 14.3336 502.0731 1624.5156 -625.0747 -209.5882 1323.8574 -85.0245 345.3857
-2124.9075 1693.9847 5080.8444 -505.8967 -552.3280 460.7847 -66.8114 3333.5978 835.2805 237.9134
1988.3286 -691.8502 4272.9987 648.2495 -1400.6828 -267.2389 -597.1757 2309.5014 -1412.3633 -171.0083
1315.2506 2178.5098 1714.1022 -434.5788 -2815.2531 -732.8323 1047.2198 -861.0853 4104.5259 1057.1114
-1516.0669 321.4628 -1259.6377 470.8175 3772.1642 335.9909 689.9886 -684.5394 -2808.9737 619.4936
-705.5364 295.2794 2249.0638 -62.0882 -1370.1584 728.9983 139.9926 5681.4080 -870.4743 1125.3798
-1566.9125 2047.3394 2566.0135 268.5837 -431.1252 1129.8649 -335.1063 1579.4236 -1376.6959 1175.4286
-1168.1787 -2399.2098 -306.5615 616.0192 404.7137 897.2702 -24.7328 958.8506 2131.0213 606.1388
-673.0096 99.3261 4981.9453 226.1254 -2201.7359 197.0643 7.1003 2671.0112 -328.3112 604.0828
2465.3107 -750.7655 -321.4031 553.8322 -1948.6218 704.4216 -23.1969 -352.4197 -1810.8053 -66.0024
-1289.2389 2257.7495 277.6082 121.3035 1661.1019 535.6222 -243.5472 3730.7562 2511.3102 -717.8645
-2068.5050 519.6994 1119.9379 1623.9413 1304.3948 672.5021 -294.6058 -30.4323 376.3199 -196.0052
-1930.6297 -951.3768 4679.4039 -89.2099 -3239.1263 -450.3093 509.8326 1446.5519 -39.3128 544.4684
-1991.9608 -59.7830 2124.6923 1247.2169 527.7708 367.1349 -156.8802 -1529.4863 1932.0057 596.3693
-4553.7992 -1932.2369 1093.7945 -29.6975 416.7364 2386.7787 595.4674 -4269.9674 3527.1862 -2.4775
1712.1798 -4862.3091 -1313.3221 613.0126 757.4461 124.9807 -404.5894 1458.6613 -1225.8935 -281.4597
-377.5028 -547.9357 -1934.8170 679.2133 2356.6880 735.1992 -186.7364 5366.1125 2349.9292 -959.2536
-2078.2404 -1416.1216 1666.1481 13.6800 -905.0734 931.5566 -581.5728 2693.0053 2450.4550 1456.9686
705.7859 -3572.8892 1179.7469 -539.4802 625.7815 287.3289 141.0847 3815.7644 -2394.5810 1431.4903
-3772.3488 2074.6406 -1348.9292 1009.0657 3257.6871 -38.6854 1068.5815 -113.2787 2399.4932 754.9904
-1991.0998 -2301.4818 -2797.5549 -57.9704 3785.3565 303.0566 17.4464 149.2668 5047.7552 1349.7128
1971.8072 -3369.8864 -3359.1955 407.9364 -763.9787 906.3373 -837.9751 4366.8694 -9.6667 1027.1552
2189.2341 -3736.0407 1094.9296 185.3942 -3338.7423 96.9990 37.4392 -2183.9332 1908.8128 224.0319
2613.9447 336.2171 -374.7239 -97.7604 -4655.9949 941.5483 -634.1186 1791.5664 2485.5254 2158.1442
-2847.7310 -362.2215 -3584.5365 -53.9846 357.8358 2125.7748 741.8545 1041.0735 22.9613 1158.4896
114.4534 -2217.7746 -147.5073 1953.3786 -1036.2325 450.4773 -315.3770 -988.2145 -1487.3554 1544.7668
-8062.4762 2989.8710 3363.4057 689.9050 -2263.9300 1146.4945 -869.9141 625.9830 5296.1800 385.0134
-2017.1857 1414.8627 177.7291 -877.0064 1400.4325 1481.9386 305.7724 2100.6709 1827.9870 440.9158
4219.5082 973.4001 2732.5085 430.9237 -1677.6733 -1010.3426 1628.3178 -972.2937 -42.9464 984.7309
659.5430 -1471.8406 554.7348 383.1540 -3998.5405 462.3820 -1080.4651 193.2986 5852.8516 1341.4358
1219.6223 -1772.6564 1042.2948 595.9322 632.6337 -146.7838 364.9887 1588.2307 -488.0579 -62.6831
672.2634 -2357.0554 -3863.5375 1483.2691 -3634.4618 168.4650 370.4739 2740.0214 -540.7708 959.3044
-2530.3807 3139.6310 2915.1310 -28.7185 700.9114 1615.8911 549.0920 357.0870 4555.4909 1165.1543
-4786.9025 2200.0617 3450.6868 -670.6800 2504.6897 737.5597 76.6725 -2533.6774 -269.3904 1097.3176
-2344.8376 -1273.1924 2851.6343 -613.5587 1422.1262 589.8296 -242.8770 2684.3357 373.6569 -20.8464
1248.2368 1893.2012 3575.6556 14.3223 -785.8110 -1592.3887 629.9158 -693.5792 -1597.9974 791.0036
-2567.0697 -3970.9082 1205.9934 175.0744 -578.7677 -483.7492 -67.4671 -971.5360 -518.9288 429.6773
2937.6326 -2538.8329 -775.1482 820.5553 187.7571 1354.1951 80.4631 -2936.4513 -1320.3829 -1192.1636
3072.3211 -2491.9044 -18.2036 25.7668 -807.0034 907.4898 213.8859 1123.3707 2651.2412 288.6633
-1557.3456 1055.4724 1681.3310 241.0102 3633.7316 -166.7069 388.6730 411.7908 1294.2776 1404.2848
-4475.0230 3066.7232 2323.2106 2052.7168 -4805.8848 2836.9724 -768.2257 2140.9043 -72.2875 -1072.7588
1476.6239 314.3841 2976.7511 -242.0795 -1765.8263 1578.4462 702.0421 -1833.9347 -291.5876 915.4566
-1145.6454 -1874.4565 609.8036 164.0888 2030.6406 589.2348 -581.9253 -916.1449 -1262.5217 -1387.2978
4771.2119 -5296.4943 447.2922 68.7586 -551.9005 -273.9895 -966.5337 -946.2887 -4397.7726 568.4744
-2370.9185 -252.8200 1165.2816 41.6350 731.7346 1630.9858 347.2405 2199.7543 3795.7091 -148.5497
-3098.8741 2060.9766 2348.1481 367.6148 -1512.6319 21.0760 807.3452 4562.5321 1036.0196 1977.7287
-2215.7824 -516.0120 -454.2405 -465.2302 -1020.2211 896.2772 490.4631 7590.0326 987.2364 73.3270
-1654.3538 -2858.4671 -1165.5832 1548.9139 1476.3753 -1018.9188 -339.3767 3578.2910 -4004.5612 1807.9907
-1191.5424 2029.4283 629.8214 906.2580 1531.2852 271.2747 18.5069 1487.8661 -727.5453 2537.8816
3149.8330 -3523.3341 613.4540 -310.6879 -1635.1201 662.2092 -344.6955 1389.0213 -2437.1234 385.9223
-2452.2513 1760.5428 3738.2355 598.8928 590.9120 -44.6358 -223.2071 2595.6463 -1354.1035 403.2246
1903.5410 -3032.6088 2641.4944 1321.8444 -248.1583 10.2352 -394.6736 -3152.0950 -1416.4440 122.5811
1396.4896 -1014.8045 -1931.0905 -166.4771 -2923.9663 1012.8142 905.8508 3702.8390 -3504.9551 390.9246
-3165.1180 -235.4471 -1501.0990 251.6908 2759.1491 531.4518 -415.0214 1787.4218 301.5777 -335.0963
1595.4094 -2581.0010 1583.1947 1107.3898 -1792.3857 506.4497 -927.7312 398.5005 -2188.7001 1019.1774
710.1106 -2708.0496 2315.2445 1346.8776 -991.6152 -153.8744 -1127.8881 -1020.6279 686.1482 -306.3813
3322.6496 -2536.4903 -566.9639 -184.0578 -1417.9896 1968.0939 -88.4691 -2175.8611 1926.0643 727.0810
1442.7039 -537.8276 552.4489 17.4690 -732.2594 1627.9361 591.7522 -1011.3456 61.6845 193.1554
2449.9056 -1545.7259 -1036.9557 538.1161 4161.7498 2639.6353 -1309.1142 -31.0839 272.2648 -2363.1470
-2449.9107 -1422.0273 4295.0609 664.6786 585.5948 635.5550 -53.2667 2259.7315 -2133.1245 554.8805
1452.7880 -104.6704 1913.7797 190.3580 -3195.1106 752.3704 -826.3940 3850.3180 3009.8903 381.9576
-2227.6731 -1397.2308 1047.9662 569.0378 452.1451 1082.1356 -920.7734 2971.0940 1263.5740 550.7667
-283.8432 -2053.7933 1993.1699 11.0275 -2528.0346 486.8157 947.8860 -3186.5022 4025.0785 1513.3855
-597.2704 -3035.1923 324.0044 -121.1645 -558.2417 452.4843 7.5460 29.0910 3054.1677 1131.1362
-6573.2067 6470.5895 1009.5753 950.1258 4640.7332 415.9632 -308.9752 1715.7380 1331.0570 188.1594
-2845.6819 -2062.2512 594.9841 -298.5402 -480.5214 -391.2216 660.7396 -193.8317 1836.9748 767.9357
-2108.1590 -540.0622 -1412.4862 -765.5859 3006.7165 219.0638 310.2579 3394.2910 -702.7787 -817.8687
287.8614 -1936.6478 569.2214 -348.5184 149.4958 677.8191 66.7177 644.4460 3666.3947 1521.6250
715.6057 -2284.1741 778.9210 88.0143 -5815.4147 370.0077 -47.8066 1196.8030 1942.4525 1188.6491
-2330.0170 -183.7203 -1161.6871 96.0068 -2497.7102 1588.1682 -432.6619 1684.6675 2367.4924 2001.0142
93.9067 -934.9131 683.8631 -28.5161 2576.0903 -1622.3180 917.0162 -914.5684 176.6986 -376.9243
-4659.7627 2047.2364 1469.2092 723.1790 -933.4363 355.4089 -645.0066 4014.7016 714.9453 948.5113
-2646.7423 -910.5038 -2064.5750 286.9008 -16.5872 1617.6882 1104.7538 1956.8804 4109.7856 26.2175
-1015.8138 -1921.5217 2948.7590 1700.7703 -3313.9825 566.6694 -937.4961 1162.9694 1512.3256 729.9087
-4469.5267 5581.5798 1598.9962 -140.1820 2155.8365 546.1629 488.5494 1444.2820 2371.0156 1082.4439
-2681.1077 1545.9035 978.5773 1867.6237 2240.9030 1074.7507 -115.5591 -424.2562 -603.2724 -337.1336
-5478.7038 -594.1774 3502.0268 1272.5006 -1757.1739 297.1290 -285.6891 1870.4147 988.8672 -462.9504
-294.6451 -3056.5632 2579.1807 928.4187 -2415.1779 -312.0960 -464.9530 7167.0564 -3119.4084 1341.1459
-352.8500 -1334.2314 -742.9742 -336.2026 4020.5332 177.0299 1142.4381 -4088.9062 1857.8740 372.6322
-2837.1968 3140.3142 1666.4206 1525.6109 -200.3541 -46.1121 -376.0781 4364.4930 -5.3396 1283.6940
-3755.2254 -1417.6419 3397.8059 482.5921 4436.7283 1849.8945 -638.7029 -379.4395 3118.7091 -1180.2712
-2916.9329 -1873.2003 -452.1261 842.4059 -1833.9903 -203.9934 -36.8861 -85.2263 3119.5210 293.5598
520.6207 -1320.4530 926.6995 1389.6656 -2737.4669 -51.7658 -22.9105 -1920.8249 79.7530 915.0104
-1075.0396 -2999.5059 118.2567 959.2993 -2491.6521 -1133.6062 -754.1419 2528.4520 -207.9724 415.2253
2268.5860 -2453.5696 -2007.3308 1157.7353 1517.5994 567.7944 -797.8224 -349.5612 3806.3774 -1307.9788
-2607.2006 2213.3575 -1058.4236 -49.6389 1283.3280 1382.6526 1339.9086 -1520.8068 -1125.0943 1652.3195
-2896.4120 -2217.1042 1906.9279 -1027.3495 2125.3632 502.3052 582.7554 17.5788 -3418.2276 332.3797
-2112.6292 -2055.7256 3128.2667 -242.3172 -2347.8961 431.5221 678.6917 -1316.1042 931.7213 761.0810
-4425.7870 2005.2805 160.4010 -582.2567 -945.6892 1177.2400 606.6676 1914.8848 3437.3958 1393.1806
1306.4036 -4662.2168 -276.1489 1027.5858 3120.2993 -1049.3896 -247.8971 -2439.5805 3501.3135 -453.5034
-1486.8687 3287.6864 1104.8079 1055.8571 -3201.0089 271.5493 -422.5022 5000.7296 431.0450 1357.7273
-56.4404 -1021.5133 2346.5573 1805.0073 -2447.4036 347.3761 -822.7991 722.7201 315.9823 13.8491
1122.0325 -683.3676 299.5826 1021.5098 339.6897 531.6542 -88.5920 -2496.4373 -2215.8561 696.1932
-839.7046 1611.3518 -1222.0242 674.7618 -1168.7200 331.9395 -38.1193 -1692.3623 1209.3218 31.4931
4920.4614 -4087.4601 1108.6076 -757.2868 -1554.0604 678.1925 770.4170 -1983.2322 -2424.4523 110.8997
-474.7896 -3214.6069 356.3754 -63.5255 -800.6752 605.9757 -656.9342 3045.3366 1354.6174 20.5538
96.9345 -1968.4185 -1279.5903 483.1524 -2279.5608 -124.6619 772.3719 5623.8172 3332.2135 -605.8651
-789.2917 1166.6365 2346.0255 406.9330 -6536.2494 -283.4615 392.3982 1699.8103 -1007.4468 1220.6500
-4136.3069 3944.4484 726.1708 -76.2288 -1711.6401 242.7310 304.1489 3497.7400 599.8735 1919.7188
4037.8415 -2572.5097 -410.3246 -179.1124 1223.8430 -253.2274 277.6620 2019.5581 1478.2395 933.0870
-2694.1262 2002.7151 -354.9299 199.2731 2942.6918 762.5684 -73.4942 4581.1735 289.9904 -369.0829
-426.5455 1472.2724 2054.6065 669.6971 -2502.7891 1568.8635 -13.5248 2075.7046 3187.4722 577.5791
1583.1082 -2223.4093 2830.6204 -177.0135 -564.2225 1612.6105 -439.5464 -1858.7134 5187.8367 1677.9318
-4438.8503 3121.1946 3884.8620 1286.2919 -2848.8771 1577.9412 -612.6919 -353.7257 6135.2560 -581.9130
1075.1125 -2707.3842 -754.7326 1397.2025 -3207.7620 226.5020 -462.0814 5006.7278 4741.3576 1882.0554
-2226.0349 156.9802 674.6667 438.1010 -1826.6075 926.6288 946.0472 2119.8165 -1927.1648 1160.8595
-542.4144 -1017.1161 371.2480 675.1165 -2098.9022 1661.9312 -598.1018 4482.8445 -1782.7146 -68.7101
-1768.2244 -3819.7081 799.6211 267.2025 1424.4197 606.6829 -567.0786 5866.8146 459.1285 -582.7534
5095.8223 -6028.0564 1293.6230 1025.3561 -161.8527 1535.9015 63.4113 -5485.9513 1328.3991 65.0310
-3433.8885 561.4795 4525.2718 63.4190 3245.8996 -534.7349 -213.9460 3852.8437 -524.9779 715.8220
762.2362 852.0748 -486.9877 -355.0762 228.5892 -508.6150 -370.9607 125.2088 4400.7044 591.7944
-1467.4902 -917.1023 578.1309 702.9897 -3635.8307 -39.0062 -472.1362 -801.1091 3339.4406 -645.4121
-2632.8357 -788.5759 2139.0128 368.5857 -2395.5334 1071.9174 489.4684 6524.9203 895.5891 494.1036
-43.1054 -1812.0178 -626.6988 -465.9518 -577.7569 2135.2006 1787.8040 1135.2091 641.3701 372.4514
573.6302 282.1776 1673.7533 498.4016 -1409.2413 1102.6932 -1021.3268 3481.9290 -396.9379 874.5784
-688.7217 601.7066 2520.8369 228.3489 -668.8257 1486.5452 -418.1307 3518.7850 236.3306 488.1707
2256.9898 671.0312 -2655.7269 -580.5531 -543.4060 307.6632 1430.3677 2931.3397 28.2446 2528.4647
-297.6861 1712.5191 2992.8171 1159.5480 -2759.7013 196.1980 609.7133 -1086.9398 -1029.6144 2177.2868
-1349.2752 -701.2407 2967.8250 392.9953 1251.3799 236.1153 -878.7986 4801.2755 -568.6048 -1439.8816
-3725.7395 4357.2059 1607.7590 -113.2536 4297.1030 -38.5045 1661.0370 1065.3090 -1097.8387 391.4013
-188.6058 -3608.4844 1670.1563 225.4453 698.1752 469.5389 -770.5543 1063.5798 33.6939 -989.6461
6080.9132 -1166.9060 1633.7289 1314.3018 -1641.3135 7.5269 -1566.4289 -1946.6796 946.8307 -257.8870
2029.2413 -1679.8971 1958.1123 -287.6669 -973.1964 349.5895 69.6625 1779.1455 401.5430 1186.4419
1740.9773 -1398.0186 1468.0270 165.0506 4995.6971 1840.7908 380.6216 -3973.4790 -1711.3625 218.4813
1264.3888 -244.6099 3085.5072 -541.4276 -1138.4957 772.7133 528.9505 -332.5805 3667.4130 284.2091
-3824.3838 2409.8084 4396.8370 1224.8472 -3465.5705 430.2877 -199.3115 -639.7547 -2453.0945 417.1423
1288.1698 2215.2942 3143.3266 1103.4194 -3459.4257 1056.6385 -1029.2358 2104.5102 1404.7555 704.5618
-15.6617 -1082.8594 3154.2644 402.3076 1045.9545 1402.2362 -825.1748 1518.2597 -2719.8964 -1107.6987
-3691.5573 2286.8459 3767.0866 -576.5501 2889.8759 1533.4879 -223.8588 2338.3950 -1373.8163 1347.0046
-3025.6843 1884.0430 956.5621 703.9753 -1861.3891 -103.5427 853.6679 3616.3880 -1109.1328 2523.3273
577.6648 512.7825 5014.8983 455.0842 -562.4068 279.3723 377.8022 -1999.6439 2671.9140 740.8308
3624.5121 -1918.0997 2498.3517 12.1260 -3080.4492 355.9814 36.0147 3905.6397 2072.7865 -1732.6577
-1825.6574 -5708.1937 275.2030 328.3521 -3941.9919 -713.0258 101.3539 2081.9301 1008.6157 -577.6243
1114.2364 -1569.4476 1054.9304 346.0394 -3135.2656 1182.5607 -195.8190 -620.9566 4525.6667 1556.6543
-2426.5610 1122.0604 2623.3824 319.9608 -1974.3424 1054.0967 528.7243 -1939.5981 -776.1616 1257.5178
-1773.5344 -2237.3482 -1665.6115 912.2829 301.0794 672.9232 -254.4155 4998.1264 -1924.4376 1227.1755
3467.5887 3299.7705 -1366.4610 507.3649 -3118.5771 6.7867 359.7973 2230.7253 1117.3465 380.8764
-5210.8716 1627.9524 781.4329 62.5066 4495.1969 978.9414 176.8344 2307.7987 -809.1995 437.8441
5073.1552 -4166.9081 -3498.6646 832.1065 -4817.6100 82.0098 198.5866 -1399.8990 3913.8384 1091.1484
261.7520 667.7586 1789.4421 -393.6599 1186.7525 2480.9033 564.1585 -629.9274 2638.0142 898.4589
-1718.1918 -1589.8533 783.9895 15.8868 -310.3672 -20.4242 -77.0374 2393.9979 -416.2834 894.6023
-1389.6769 1817.8472 1434.6452 219.7697 -495.8404 -419.4164 147.9574 800.7736 422.7233 552.7628
-3133.5932 -1582.9365 3819.9099 1424.4392 -3097.0138 1505.5541 -1242.9879 2128.6435 937.4580 1148.0505
-1701.7872 -3075.4078 2339.5847 -869.6801 -3645.6754 427.1715 21.4817 1310.6689 1643.6514 602.5492
-2090.1121 172.1221 2303.8454 17.4589 2039.0367 -99.7134 1162.6475 2033.0292 198.7789 -624.1833
-4080.1529 -240.3010 1538.5513 498.3358 -808.7544 427.9608 106.8831 4012.5477 -581.8357 1600.8513
-7459.2657 -1618.5596 1757.2561 174.6499 -3619.9084 923.3579 -434.4656 2098.8600 4002.2356 1200.1277
-3514.5387 -573.3588 2465.5730 1804.4065 -4948.6717 -435.4646 -117.8780 405.1996 -1783.3360 1451.6830
-1623.8968 1034.5731 -3104.6015 223.3617 -71.8926 -380.2875 1179.5526 -4103.8713 1769.4713 2807.8014
281.7117 -1452.1381 -3.6775 67.3471 1297.4630 534.9736 272.0259 -1178.3172 -2733.3028 1748.6923
3851.4829 -943.2976 375.1063 -739.1107 -363.7268 631.3971 132.3424 4550.9176 1706.8923 1804.5048
374.5715 213.0419 -1072.4108 320.0914 -781.9249 572.0443 -597.6627 4333.3973 -1384.1867 2612.0892
2974.9562 -719.4277 1075.3715 1207.9145 -2425.7195 369.0492 -412.6173 1900.8865 -3083.2456 966.4396
-4101.2847 -1298.7748 3584.3907 -210.7642 -2855.8638 1193.7812 436.2402 1856.0250 1001.4874 2517.9546
-3891.7001 116.3096 699.7320 -53.1365 3396.4595 281.1651 -8.2402 -1035.6947 -2341.7125 -845.2285
6266.6691 -5297.0699 1222.2800 -11.1229 -4932.3753 839.2128 -1330.1869 3498.3942 -1523.6739 1927.6009
1344.7974 -1515.8570 1978.1629 326.9706 -2219.2356 215.7951 -245.8396 5292.0804 -6751.6834 1814.1434
3984.2200 -2016.7552 1067.5277 400.7698 -909.4043 567.1834 -1059.3190 -122.4116 195.0070 650.2426
2216.3293 -3185.5299 -113.4791 197.7818 566.3412 -80.7214 1431.8004 -744.7837 -1117.2216 760.9300
1703.6235 -900.0114 -886.5875 40.4610 -4468.4573 597.7538 429.3164 -1817.4927 3645.9504 1037.5038
-2577.8672 -1809.6394 2492.8225 614.4116 2015.1001 890.2193 167.8228 -587.9206 -266.0225 -1111.8884
1060.0568 -4482.4103 3425.9410 -1020.0275 -323.9719 1232.5340 -123.5250 1720.1583 -408.7348 1133.1580
983.3644 -3609.8505 -433.5551 728.5808 -6517.5146 -162.0776 -691.7754 3839.1139 1739.6142 491.4796
103.7385 1329.9085 812.0366 385.2296 -1509.0760 680.6441 -67.1511 640.4582 -978.6105 463.2008
2910.9879 -2561.3614 1713.0424 -317.2704 -225.8064 -376.5478 -264.8407 -2.5091 -198.8778 -563.8021
2651.9939 -1912.4104 292.9963 1190.7575 -917.6799 -246.7973 -746.5138 -3547.7145 -247.9590 1337.1588
1642.5938 -3683.5484 -125.3726 989.9777 -3382.2941 -480.0301 -615.4613 7238.6711 -4446.6310 1306.2779
-5696.2774 102.0232 1290.4871 939.2317 1358.0164 512.2911 409.5051 962.8960 -1309.4160 549.7664
-7520.7561 1811.7378 4811.7562 502.4823 449.3012 381.4386 -223.3256 -2654.9912 5733.9155 2038.5121
1242.7452 114.8862 655.3862 621.2569 891.3736 -1264.6494 -62.0085 -3933.4338 2482.7077 620.7269
1053.3904 1030.5374 1226.2329 653.4395 -5734.4391 -396.3453 -841.8882 2394.0470 3118.0301 530.9278
6.7716 479.8128 2677.3481 927.1363 1362.7385 621.1757 -259.2065 4171.3660 -1523.6959 435.9743
4542.8965 -3227.1539 375.0340 830.2944 -3865.8174 663.9538 -399.2326 5.3755 -2664.5056 -167.8232
-1048.4126 -1140.2186 1838.7882 153.2943 -2287.3727 836.0596 -585.3091 3678.9391 -629.7304 2009.3081
1138.4769 -2086.9839 1845.1683 2075.4920 738.0579 -2283.3600 -333.3679 2736.1430 -2104.1155 -105.0673
3080.4977 -1505.4709 701.3433 -34.3644 -1584.0883 702.3706 634.1285 -2740.1164 -828.7202 309.1706
2109.4878 -1630.4835 2322.3826 370.1445 -5561.7834 -574.2722 -377.8432 2614.8752 674.6330 976.1317
-2482.8864 -920.7933 1924.9716 398.1949 3676.7366 1247.7121 565.5695 1395.4950 -2817.0297 1168.4748
-2043.3552 -476.5813 -1753.5230 -506.8397 -734.8010 471.4085 415.7851 757.2743 1844.9267 3933.1718
-1874.4354 -1769.3921 -2617.1671 1196.3798 -2664.1184 94.6657 -21.3635 -206.8821 3166.1276 -91.1858
2380.9329 -195.1879 1108.6933 -238.1871 -6289.4568 1001.2711 1207.0278 1869.2080 926.9052 1714.8295
-1295.3699 -2895.2127 1413.3366 -478.8727 2239.5686 -24.4300 739.4071 219.2051 2772.2564 -905.7126
-2705.6236 -1773.4364 1636.4211 -492.5353 2098.2232 805.7563 93.1138 427.2921 -514.9986 1181.8726
-1712.6089 -680.2879 3376.4600 1480.7419 -1655.2032 693.1618 -734.3825 -1649.0675 -236.5391 603.8269
2114.7982 942.8395 1428.9435 1733.0983 -3319.5378 431.6388 -1276.3762 3513.4179 -702.7199 1780.1232
-2922.0574 -1364.4833 -2557.3100 -493.1873 6214.9518 574.3525 950.9425 272.1678 -563.1194 -486.7977
-2137.7884 -1567.9891 169.5615 629.7705 3356.9130 236.8169 829.7754 -694.6849 664.9874 602.6337
1223.3898 -3118.2356 -408.1078 -45.0069 3193.7671 1704.7606 269.3365 -4246.0705 3608.2564 -881.3928
1107.0132 -455.6292 519.3884 -308.5029 -1818.3341 521.9760 424.8265 -3744.3094 -73.7068 321.4270
1310.0898 -277.2866 -3519.5266 1810.0334 1162.6579 266.6631 249.3681 1272.6157 1214.2324 -894.6247
2528.6897 -708.3932 -1168.0952 288.2423 177.2433 948.7187 1126.8621 -2267.0446 151.5742 424.6032
-400.8989 -731.1026 -431.6300 724.6338 -2117.8510 236.7607 264.4399 2248.1529 867.3889 851.5619
1791.7080 -1633.5904 383.6822 386.6500 -836.8092 112.8301 717.4318 -3708.5341 -792.5651 43.7795
7041.0823 -7944.2087 -785.1135 -73.3004 -3886.8102 1102.5619 -189.2601 -1295.2082 -1277.8778 -117.0954
-4325.4211 -1208.4270 4691.1122 729.7969 1912.9751 220.4295 56.2827 49.4004 4921.0115 17.1795
524.9535 1526.2776 1836.7962 -351.7608 -1870.6841 1001.2194 711.4876 2680.4067 -241.5733 2137.1983
1224.7586 -2149.6039 352.3161 633.3751 125.8989 1220.7299 -495.9819 1645.3023 2452.7715 -7.8191
-3982.9460 757.0037 -418.4755 813.5449 2979.0807 653.1103 -195.1166 927.0294 1114.6603 424.6207
2238.2222 -95.7975 1919.7397 558.2635 571.0792 786.5691 -380.3458 2274.0291 274.5306 279.9688
2111.2061 -2782.5461 -373.9549 -8.1229 -624.9651 923.2087 846.9055 -1022.2350 -4068.1016 164.9731
1061.4543 -1653.9026 -1979.3309 456.1529 1217.4733 -1085.0513 -385.7382 -1941.1608 1709.0370 990.7859
1585.6914 -2270.1010 117.0893 1192.7525 2955.6317 -420.5006 -318.2816 2524.0212 -2947.9415 532.2517
-962.9224 1451.5786 2088.2693 190.7979 -3253.4733 900.4011 229.6248 2250.9722 -550.3974 1607.6569
-4232.1901 1942.4846 1937.5450 -708.1169 -406.9538 2211.6699 468.1890 1810.1116 678.6206 1230.1222
-940.1571 -1527.0536 1835.0989 -789.6798 3274.5236 976.9534 -398.9912 1810.6000 663.5186 1060.6308
985.8786 -1155.0878 2919.5756 -496.8742 -3387.1860 755.8679 140.2306 2465.1229 1090.1798 692.6748
-2894.9792 -2127.1322 995.6846 142.6421 649.0930 -42.6834 161.7947 1438.9997 -453.5420 761.4494
152.5100 -2729.1787 -37.0595 270.1512 849.8891 -46.4199 -393.9168 -2079.9996 1433.3801 640.7898
-853.1551 2804.1472 1991.6902 870.4467 -5718.5798 265.6461 -877.7448 3511.0546 3385.0312 600.5313
-684.3651 983.9588 1922.5131 321.5561 4636.8927 -909.0051 -160.2107 -3104.5953 1357.7737 -825.3609
-4564.7993 -562.5630 282.8014 499.0971 -958.2070 1328.2518 -212.2595 2387.3044 3589.1709 2549.9732
77.7582 -4824.0177 2275.0692 -436.2612 746.6050 844.9504 -466.2490 -716.9561 1924.7830 -841.9443
-1977.9124 1985.1751 1688.4031 481.7782 -2702.6400 324.7696 896.1279 -2467.3548 3252.1003 1855.6461
-1465.3168 2432.6285 2899.6159 -761.5562 181.7574 1726.7588 -56.2166 -625.0681 25.1483 1865.1850
5192.3412 -4608.3372 1536.7496 614.9219 -2185.9586 -234.7395 -203.5967 1866.9662 2260.5482 51.1812
-465.5620 4179.6814 4660.3962 -389.2346 -1028.0181 -458.0927 94.8465 1169.8191 -86.0557 818.8869
-2604.3312 -1996.3344 2071.1611 1265.3129 -2056.6261 243.8498 -1016.9918 2026.4494 1170.2269 1235.1650
-4155.6223 987.5276 -1323.9847 536.2331 -367.8987 -40.8105 -363.7317 2787.8148 -1790.8956 967.4254
-3493.8500 -85.8382 -275.4111 243.5988 1299.0309 1466.5168 10.3545 4833.7654 -7.4673 285.4135
120.7711 -1833.7902 2997.9638 -54.4594 -2178.1107 530.9017 -570.4316 961.9437 3466.2229 767.2946
-2850.7432 1325.7476 334.8925 608.2382 -4546.4218 1434.9280 -719.0827 3964.4090 -176.5475 -234.8798
208.7928 2069.1556 -453.8556 2154.3630 -4848.0483 222.0156 987.6731 2591.5612 -2178.9292 970.0922
-3487.6827 -1129.7073 -2301.1090 39.8265 3094.5029 -187.8046 1152.2162 -341.3872 -3206.3606 227.7613
-1303.5722 -460.2042 206.3814 1117.8468 949.6981 1277.7081 -376.1045 6114.3501 -120.5414 1176.8099
-3432.6664 4913.0899 3457.2338 393.9291 3213.1768 1390.0586 -166.8883 245.9583 -1196.4963 621.0490
-877.0370 1808.8004 -1439.5561 38.6304 -42.7753 1590.2283 747.8269 959.9217 157.3113 48.5088
-1686.2437 -561.6902 -374.3740 838.7248 -1437.4525 1853.6444 -876.2301 2918.2089 792.9571 28.2616
-1285.7089 380.5190 5056.5271 451.7099 378.7275 693.7432 127.7866 -3024.2066 -1396.8582 653.2751
1024.7488 -315.8337 1390.7076 762.4528 2463.1515 212.1446 -356.9812 2089.3548 -2015.0465 434.7581
2890.6836 -5260.9485 3506.8178 916.6759 -1728.7216 834.9612 -629.4468 -5849.0925 3459.4425 2458.5339
3051.0931 -406.7242 703.4933 495.3514 -588.0697 430.1287 -20.5475 4876.3724 -1521.1229 1059.9405
-489.2931 -2453.1369 623.2854 920.2658 -274.9624 -951.5011 -592.3337 -117.5161 1163.2912 557.5885
6496.8364 -2252.4464 2426.1575 -356.0680 -4613.2040 911.6667 281.7276 -676.2559 -1068.5220 2166.8106
1165.6910 -2642.0315 1324.1757 628.1020 -3981.2698 408.5756 -296.0372 5400.9140 -187.9676 532.9642
2424.3336 -1463.8926 1250.9180 204.1798 -244.6618 441.8898 -298.0739 1329.3794 116.3385 796.3386
72.9100 -2038.9314 2103.1150 465.0918 289.9632 1141.4666 -491.2616 -5701.3530 1756.6379 1221.7096
-1010.2951 -900.2935 -988.8438 1089.2849 539.2867 680.4061 530.0552 901.0374 -542.4182 -623.7601
-2038.7358 1263.0887 152.5303 703.4905 3452.2688 -318.8408 705.6882 -3132.2228 1501.0968 -164.5288
-3960.2972 593.5085 3134.8702 740.8525 -2041.5634 432.1076 -483.3427 6087.5305 168.3476 1086.7241
-812.3822 75.9824 1995.1027 6.6002 -4444.0184 1066.2211 -107.8000 5102.1629 754.9504 928.6185
-527.1258 1207.4401 2278.2305 940.6441 -690.0569 -198.8092 -44.0478 1535.7912 -1056.1606 1270.1570
1738.3921 -3457.2875 1332.6259 -676.2359 -2322.2746 61.6718 -3.9340 -84.3706 -801.0191 746.6384
-3474.2118 -636.4208 -543.3664 387.5470 -1318.3941 38.6796 454.5281 -127.6201 1239.2761 685.3709
236.1813 -2854.0886 1523.5224 191.4816 -3063.8198 496.4365 -667.2116 2460.9089 -1434.8965 320.7025
-3080.8363 -987.3674 284.4414 1326.1440 -40.2973 -222.6648 -377.2101 2075.8376 732.9460 192.2239
2073.6428 419.4578 3541.8277 -159.7991 -2261.8234 -137.7813 -219.3779 968.0009 920.2952 1410.7446
2301.8505 -2989.6039 -3516.7727 -7.3863 1607.2550 386.2517 -0.1902 2769.7923 -2.3480 428.1454
1438.0026 -2431.8516 -52.9586 593.6087 -77.6242 128.7965 72.4789 1951.7530 1108.6715 354.2400
-753.4366 1890.2940 -415.5002 745.5310 -1791.7645 138.7844 -613.2127 7607.7976 -2247.4000 143.7061
-847.0419 257.8198 980.6009 -4.2601 1961.1956 1703.9385 108.4143 959.4440 373.4315 1327.3801
-9171.4845 895.4523 1881.3807 426.4507 1485.5794 997.8135 -528.1270 3758.7976 2521.4836 -948.0445
-1716.3491 2427.7124 5518.8341 -236.9676 -1359.4987 891.4370 -104.4423 1514.7053 2213.8309 105.4266
-5797.0393 -865.5217 4264.7010 792.0387 -1463.2068 -182.3687 -390.1524 6695.9753 1624.4763 1327.3683
919.5023 -1369.7368 738.2667 262.8824 2808.6572 1218.4164 -25.7878 1878.5975 4542.8749 992.1230
1811.0623 -1438.3589 773.5089 1727.3075 -5730.8229 -1511.6589 630.1456 -804.3462 4136.5683 3040.4208
200.4189 -2522.0326 572.2246 1070.5395 -5174.9762 595.3610 17.4805 6430.1779 -3486.9474 2512.4073
867.0376 266.5570 -1682.5647 267.5399 -3226.4358 1763.9713 -171.8852 3263.2277 -861.3087 882.6366
-1470.9742 464.0459 208.0736 1451.9623 -392.3139 108.7699 -736.1270 3421.7000 -2906.1655 253.2708
1378.8820 -3548.9629 4629.5537 185.3809 -2560.4311 -403.4694 -830.1283 1622.7553 -469.7696 214.3489
1579.9986 -3065.5409 1047.1246 -688.3475 2606.4942 -331.0224 1166.9479 610.4111 -1734.8859 -604.8487
1041.3318 -2393.9366 235.1849 -498.1540 2947.5458 547.0653 -339.6434 1965.8587 903.6152 -367.8827
-5428.2927 3358.1847 2370.8333 963.7207 2723.2641 641.5611 -807.8941 4352.9673 1291.0286 -263.0799
912.5151 -1192.7629 -926.4163 30.1577 -1406.8154 263.7280 151.0563 2928.0297 -3476.1360 669.2339
-3934.5850 -259.8838 810.4419 654.5009 2188.9412 9.9156 -238.2163 3010.3170 147.4165 561.5751
-197.7258 1173.1202 3256.6746 130.1491 -3752.4121 802.9436 313.5645 1110.5452 1909.5889 1594.2354
-919.5486 -4715.1531 -3317.8737 1259.3178 1418.6234 1258.3704 128.8840 -2732.2635 1947.9019 1279.4635
-2634.2028 1724.2268 -1654.3096 445.6885 -1558.0310 348.6639 1061.5571 1769.6560 2086.5893 1290.5847
-3138.0744 1136.8546 -2392.3575 1420.1056 1187.7260 584.3401 120.8360 1069.5861 236.0173 760.9336
-7298.3883 1199.1830 4826.7343 1647.8581 -118.1767 412.6348 -1209.8833 -2088.8608 2870.0527 1013.4736
190.8786 339.1397 1768.7269 -365.6877 -1154.2486 690.2678 -331.5472 6427.2509 1507.3936 376.2989
2083.2787 -3117.7135 588.7388 196.0540 2719.9233 1791.0040 -524.6923 1372.9440 -438.1161 -1638.1245
-1974.4594 2196.8515 -846.7627 -275.8728 76.1842 1650.5036 1119.3795 3647.3537 1937.2303 1563.7530
2952.0825 -805.8792 434.6307 -431.1703 806.6625 61.0550 -223.0499 3019.3961 -795.7653 793.6201
3568.7850 -2691.7906 2724.7342 -11.7350 4690.3173 -288.7772 728.7634 -189.1362 -2075.5019 -403.4726
1394.6253 -1945.6608 115.1219 563.9815 -428.8137 -75.9570 -248.7483 -997.3178 4855.1933 1747.8525
3346.5134 -3041.6890 766.0671 -278.3510 -2239.5130 1368.8615 -945.8977 -505.4670 1534.5050 -835.8210
1392.0739 1772.2912 1884.3519 691.2607 -1043.1486 508.2804 218.4715 -369.8644 2608.0307 -970.9594
3364.5645 -5824.8604 41.4020 610.6626 -2206.8945 905.5754 -786.8601 1736.7104 -951.4463 1780.7633
448.7373 -3965.6906 -2786.8318 -431.6864 4421.3041 -579.7356 984.7626 2631.3309 -1906.5279 99.1610
-4758.9265 1126.6476 -718.8595 591.8959 -1774.3656 708.5981 135.8872 1986.9790 1634.9443 1043.5324
210.4390 1490.8372 1087.5674 -311.0176 -2077.5066 378.8798 -204.5430 1194.7866 2851.1578 147.6155
3140.7501 -5125.4891 1120.8136 371.7040 -2771.9220 -305.3798 413.1871 1511.2237 -1531.8119 837.8840
-2595.6574 799.1702 1698.9275 836.6327 1360.8064 221.9387 448.5875 3405.7100 -1120.6271 463.0601
-301.6061 3435.3024 -103.6382 1322.2891 -2414.6647 -399.1541 -678.7226 5579.5426 -324.6491 289.5823
-3107.7775 36.2857 1157.8878 267.6575 -1072.2397 488.7166 600.9784 2549.9861 2238.7368 -148.4412
-110.2171 -2422.1709 1284.1053 317.2696 -845.6678 1292.8642 457.8713 3168.0076 1266.2858 1078.1351
1146.8117 -581.2104 -1121.1667 1519.2280 -293.3405 -108.2640 -330.2767 -1874.5787 -2665.5920 -713.8330
-4553.5245 1001.5759 2383.6791 904.9872 -287.5105 995.9914 1411.6246 -549.4375 -2543.5876 -348.4269
-3175.4960 1107.8568 186.2133 1081.4394 -240.2796 522.2028 -691.3673 443.3934 3741.9795 981.7517
3165.2607 -390.1810 921.0891 -227.7191 -1692.7086 34.8305 245.9731 6808.4097 -855.0497 -657.3201
-1289.2221 1459.1094 2264.5149 1121.4417 -406.3565 1597.2252 -257.6550 1905.6106 -1992.3586 1378.2137
2412.3481 -2365.7229 -1446.7547 278.0147 -274.6926 425.7030 -190.9853 1089.2217 -3307.0545 655.3971
2305.5709 -2347.0809 -1515.5011 617.0886 -4899.3910 -4.0982 337.5804 1307.0751 1385.1612 1422.6751
