-2.5145 2.2581 -11.9058 17.3915 -18.1956 -30.0887 -12.0356 -8.1120 25.7915 23.4230
-1.0993 4.6661 -14.1326 14.4230 -19.6194 -30.0813 -12.1869 -8.4737 26.8833 20.7728
-3.5523 4.7694 -12.8977 19.9539 -22.5192 -39.7942 -13.7064 -11.7932 37.4317 31.0008
-4.5164 7.4749 -22.5322 32.4954 -34.0395 -58.7252 -20.0041 -16.6955 58.5455 45.4723
-2.6633 5.4737 -16.3153 21.1021 -26.4475 -33.6560 -11.9688 -11.1631 37.0632 29.1121
-2.7823 5.8126 -18.2177 26.5120 -29.6378 -43.6819 -16.0614 -15.4596 41.6881 37.9537
-4.6189 8.5617 -24.3787 32.6874 -37.9827 -58.6431 -22.1253 -18.4203 63.5051 49.8483
-3.1257 6.4249 -17.0398 25.1045 -26.9484 -46.8708 -16.9928 -13.7612 47.1876 40.0945
-2.3362 5.8318 -16.3873 20.1041 -20.5970 -37.6185 -15.2124 -11.9512 39.2227 29.8021
-2.4214 5.5750 -18.7045 23.3345 -21.5323 -41.4885 -14.7580 -12.0983 43.7751 29.0129
-4.5766 6.8192 -19.8795 30.5578 -31.0436 -55.6957 -19.2717 -16.7760 57.6302 43.5332
-3.1765 6.0093 -17.2590 25.4465 -27.2121 -45.7967 -15.1908 -13.2895 45.1681 33.7247
-3.4963 8.0760 -20.3685 31.1552 -28.8635 -50.1352 -14.6717 -16.4796 53.7165 42.3288
-3.9019 6.5152 -19.9375 27.5844 -28.9466 -53.5298 -18.7700 -15.3682 50.6565 41.0987
-3.8128 3.4787 -11.9324 19.7279 -24.0148 -42.5188 -15.6384 -10.7811 37.1784 32.3392
-3.7361 7.0106 -21.4060 29.5990 -30.0930 -47.9951 -17.0700 -16.9097 54.4780 42.7730
-3.2070 4.6463 -13.5604 20.4078 -22.6179 -36.5382 -13.2517 -12.2413 37.0232 29.5998
-2.1001 5.2558 -16.0625 18.0203 -23.0289 -31.9543 -12.7169 -11.5301 33.3079 30.8139
-2.6911 5.3177 -13.9712 22.6530 -22.8807 -37.7128 -14.2449 -11.3468 34.5242 27.6541
-2.7239 6.5070 -17.6463 23.8822 -24.6748 -40.5832 -16.1667 -11.2638 37.9816 27.9597
-1.7114 3.6828 -12.4386 14.7804 -15.9115 -29.8626 -13.7056 -8.4469 25.9101 20.8727
-2.2719 4.7709 -11.1912 19.5419 -19.5557 -35.7215 -12.4280 -10.6919 33.9784 27.5462
-3.9239 4.8837 -15.1812 23.8668 -23.1745 -38.4080 -13.3546 -13.1016 42.1995 31.4034
-2.1233 3.8617 -15.4855 16.7670 -25.0582 -33.5303 -12.8291 -12.2291 32.1029 28.7617
-3.1186 4.3215 -18.0380 23.5744 -26.9916 -42.2628 -16.6677 -11.5898 44.9737 31.1175
-3.3207 3.9097 -12.5037 17.7402 -18.0995 -34.5007 -11.2753 -9.8351 33.2589 25.5206
-0.9002 4.8458 -11.4650 18.4881 -16.5177 -28.9276 -12.5214 -8.1388 26.9507 19.1929
-1.7974 5.8473 -15.2156 18.8710 -18.5271 -31.2972 -13.2226 -10.4241 32.9306 24.3725
-3.8587 5.6501 -17.0492 25.5453 -26.6880 -45.3098 -14.5949 -14.9611 43.2616 36.0656
-4.2184 8.6306 -22.1900 33.1638 -33.0692 -56.4470 -20.0327 -18.4981 62.2671 47.1389
-2.7427 6.8900 -16.1072 22.9530 -19.2647 -39.7347 -12.9227 -13.3805 42.3752 29.4228
-4.4674 6.2297 -19.2130 29.0533 -30.7243 -51.5498 -18.0614 -18.5064 54.6654 44.3391
-3.9657 7.2991 -19.9751 27.6306 -27.5736 -49.7126 -15.8780 -14.4763 54.7395 37.6897
-3.4549 6.5758 -17.9084 29.0402 -23.4583 -45.7303 -13.4082 -13.3898 51.6767 31.2862
-3.7537 6.0641 -17.9466 29.3532 -30.6741 -55.0268 -19.8565 -14.6062 52.1944 41.3584
-3.1272 5.6495 -16.7549 22.8079 -22.5616 -36.1947 -16.4258 -13.9397 42.0772 30.6172
-4.2017 6.6180 -18.4501 26.9890 -29.4598 -51.9367 -18.3260 -14.9250 53.2806 40.4116
-3.8939 7.8170 -19.2121 26.0757 -29.3376 -43.5548 -16.4036 -16.3768 53.0711 42.3890
-3.7435 8.3385 -19.5242 28.4803 -30.1937 -50.9321 -18.7816 -16.2577 54.3175 43.5592
-2.1670 4.3431 -13.7823 19.0784 -23.4265 -36.4127 -13.9775 -13.5957 37.4070 34.4808
-4.2706 8.1317 -22.2839 30.0287 -31.9416 -51.8394 -20.6604 -18.2561 56.9449 46.1397
-2.8753 5.7253 -16.9485 18.5836 -22.7418 -34.5727 -12.4411 -13.1554 38.2975 32.1527
-2.5939 4.6309 -16.1283 22.7696 -23.0114 -34.6869 -14.9599 -12.0543 36.1909 29.0694
-3.2083 5.1738 -17.5959 23.2095 -29.7631 -44.3241 -15.3347 -15.5919 43.1707 41.3505
-4.1497 8.4474 -21.8442 32.6364 -32.2374 -54.0201 -20.6421 -17.5095 56.7106 45.4216
-4.1102 7.5899 -22.8779 32.6694 -32.8635 -60.0810 -20.4939 -16.0565 65.1558 44.0194
-3.3669 5.1492 -20.4646 23.9112 -28.3891 -44.6552 -15.0572 -14.5527 50.5946 40.2458
-2.5505 6.1205 -11.6949 18.3705 -19.1277 -28.2889 -10.1420 -12.0674 31.1202 28.8655
-4.4825 7.0810 -17.1727 23.8678 -23.1855 -37.6958 -14.3843 -13.9790 42.5418 34.8861
-2.5903 4.8626 -14.1158 22.2704 -19.8681 -41.1185 -13.4077 -9.3922 42.8155 23.9204
-1.6361 4.8667 -14.8963 22.4562 -21.8484 -36.2053 -13.7596 -12.3552 38.6929 27.9668
-3.4910 4.8106 -16.7021 22.7191 -24.6990 -44.1235 -17.9305 -11.3744 42.9106 34.2750
-2.7402 4.2574 -13.4619 18.3298 -23.7770 -36.1101 -11.3223 -11.0065 34.4553 29.3006
-4.6084 7.0194 -20.5008 30.8883 -32.8575 -56.7299 -19.8603 -16.6417 58.7485 43.4029
-4.3969 6.8536 -22.0766 30.3239 -32.8074 -52.9946 -20.3811 -17.2853 58.9166 43.1039
-3.2823 8.0356 -20.0538 27.8529 -29.5703 -43.3257 -18.7352 -17.0465 49.2554 43.1924
-4.0527 7.8010 -20.4526 29.9660 -30.7226 -49.2565 -18.2442 -17.9734 56.1884 46.5567
-2.3875 7.0216 -18.1064 22.1616 -22.4735 -41.4565 -13.9090 -11.8712 44.5400 29.3905
-2.3654 4.6053 -11.2584 15.8730 -17.6402 -31.6449 -10.8645 -11.1991 31.2627 30.8639
-2.7331 4.9634 -13.9543 22.3071 -23.0050 -39.8741 -12.5258 -9.2397 39.1859 25.8317
-3.2759 5.5076 -16.8924 26.0248 -27.4759 -42.2934 -14.5115 -13.6644 48.1792 36.9268
-2.9561 6.4409 -16.7681 25.1102 -27.0198 -41.3651 -15.3572 -13.7325 46.2520 36.4916
-2.7370 3.6960 -12.6272 17.0902 -16.9205 -31.2877 -10.7567 -9.3429 31.4256 24.7384
-2.4692 3.5822 -15.0115 16.6451 -21.2651 -30.8586 -13.4271 -9.6103 33.1162 27.1510
-2.1881 7.0928 -15.7484 25.6410 -23.1150 -36.6068 -15.4916 -14.6142 44.3688 32.0092
-2.0619 5.0999 -10.9315 16.7566 -17.3758 -33.4079 -10.8718 -8.3804 31.4261 22.4224
-2.5991 5.0777 -16.7091 20.9437 -22.3633 -38.1576 -14.3964 -12.3363 39.3650 28.8327
-3.1479 6.9368 -15.4447 22.9252 -24.9320 -38.1409 -18.3346 -14.3069 41.7324 37.2860
-2.1762 5.4963 -15.1696 21.1760 -21.5347 -38.7793 -13.5083 -12.3476 42.1403 30.5066
-3.9259 5.5705 -17.6165 24.4847 -28.3115 -42.1983 -18.0985 -13.7410 39.7541 36.2885
-3.5444 4.4212 -15.4844 18.7603 -24.3778 -37.4786 -14.8647 -12.5010 36.6281 34.4830
-3.2309 5.5757 -15.6478 22.2342 -19.4496 -39.5145 -11.7401 -11.7543 40.3539 27.7768
-2.5261 5.6056 -10.7693 16.5547 -17.7483 -30.4912 -11.1128 -11.0261 27.7729 28.0888
-3.1491 3.5352 -12.7515 20.4948 -23.2994 -36.2270 -14.5449 -9.9243 37.1768 31.3288
-4.3675 6.2155 -21.5746 28.7780 -28.8649 -53.9718 -17.9361 -15.6567 57.2418 39.3911
-2.1971 4.3014 -10.3407 16.7500 -18.0731 -33.9428 -11.6561 -9.9382 33.3227 28.1028
-3.6196 6.6236 -21.8299 28.8075 -30.2219 -52.9816 -18.0290 -15.6793 56.1593 39.7275
-3.9240 8.2374 -17.2393 29.1422 -28.9997 -50.6704 -15.9643 -14.5915 54.0967 38.9624
-3.3596 5.1625 -15.4344 22.5163 -24.6432 -39.4863 -16.4728 -12.3229 37.1959 30.4877
-2.1557 6.6016 -15.2839 19.3967 -19.7330 -32.1488 -11.1673 -11.5827 39.4437 29.2761
-2.2127 6.3878 -17.7172 21.5077 -22.5762 -35.5625 -16.4089 -13.0334 37.5875 30.8898
-4.0728 7.5723 -19.7637 28.5392 -25.3714 -52.4512 -17.7145 -14.8073 55.5685 35.9328
-4.2292 4.9875 -17.1493 25.8656 -28.2021 -49.5664 -15.8064 -13.4374 49.1180 36.1020
-4.0254 7.0081 -19.3884 26.2635 -29.0440 -48.2680 -19.3124 -15.4542 49.3441 40.5612
-2.4081 4.9430 -16.5809 20.1596 -23.4469 -36.5355 -12.4010 -14.2659 39.4902 34.6741
-3.4062 7.0173 -16.6243 22.7621 -29.6676 -41.9425 -17.2260 -15.9918 42.3639 41.8335
-3.8866 7.5668 -22.0955 31.1165 -32.2910 -54.9454 -19.9331 -16.9816 58.9894 43.3180
-2.5874 5.1013 -13.2890 18.9737 -19.3151 -30.8337 -11.6852 -10.5844 36.1317 27.7568
-4.4529 6.7593 -20.1920 31.4553 -33.8121 -55.6596 -21.6580 -17.2337 53.3577 43.9641
-3.4844 3.8901 -13.7082 17.0047 -23.2140 -34.1413 -13.1220 -11.7794 32.7471 34.4658
-2.7415 7.8203 -17.9743 25.8552 -23.3202 -40.7888 -16.9978 -13.1862 47.0192 31.2596
-3.5549 4.8496 -19.3710 24.5059 -26.9559 -42.7113 -16.8697 -13.1356 46.9472 33.0193
-3.6567 7.2156 -18.9648 24.5982 -24.1134 -44.3995 -16.5049 -12.5060 47.5803 33.8122
-2.3898 4.2164 -8.3895 15.1719 -18.2100 -26.3712 -11.9544 -8.8263 22.6166 25.7467
-1.6201 2.9472 -9.8326 12.8566 -17.5699 -26.0812 -8.8733 -9.1285 20.6956 23.3279
-2.3879 6.1725 -16.6612 22.2885 -26.3124 -35.2346 -17.3219 -13.9516 40.0385 32.7747
-3.5878 4.7504 -12.6589 20.8504 -21.0827 -37.6725 -14.5166 -11.0928 36.0479 26.5838
-4.0983 5.5772 -18.3669 26.1757 -27.0012 -48.5829 -19.6307 -14.4217 49.4299 38.9342
-3.1113 6.3208 -16.9553 25.3695 -26.7088 -44.0456 -15.6422 -14.9326 46.1658 34.7152
-2.2304 5.6809 -15.3214 24.2052 -22.3071 -37.1341 -16.6245 -11.1131 42.7653 29.7254
-3.2302 6.3450 -18.1192 28.9047 -29.5668 -50.3352 -16.4349 -17.4095 54.2007 42.2112
-1.8951 4.8751 -11.9405 14.2295 -15.7457 -26.8020 -13.6777 -7.9831 26.4667 18.9776
-2.9661 6.1616 -16.4224 24.5696 -24.8272 -46.1227 -18.7343 -13.5956 43.5576 35.7228
-3.9890 7.1429 -20.4253 29.4400 -28.9943 -50.1093 -18.6231 -15.4263 52.5253 39.2052
-3.0537 5.1706 -13.9604 19.9532 -22.7819 -40.0733 -15.4194 -11.1602 38.4363 31.0111
-4.4306 6.7963 -19.5740 29.2747 -32.3776 -49.4130 -18.5067 -17.3123 55.2596 43.3855
-4.6602 6.5396 -20.5246 30.4381 -30.9429 -49.2845 -18.1671 -15.4959 54.7624 42.2002
-3.0011 7.2238 -18.3681 28.3587 -28.3933 -49.0315 -18.8169 -16.0763 50.2279 40.9253
-3.0557 4.2113 -13.1402 18.8396 -21.4722 -41.1669 -14.1971 -11.3705 37.3921 27.9396
-3.2369 3.8616 -16.9131 18.7926 -27.3317 -34.1374 -18.0364 -13.5551 31.0105 34.5482
-4.8654 8.5487 -24.6003 35.0300 -34.4284 -56.1325 -23.2254 -19.0466 62.3581 48.8010
-2.7125 7.3623 -19.0390 27.5733 -24.0640 -45.6575 -18.0717 -12.7418 50.2331 31.8232
-3.2740 6.5483 -20.8151 29.0066 -28.5491 -49.0617 -18.8459 -13.3841 53.4029 35.7645
-3.0637 6.2648 -15.6613 21.6618 -23.0320 -38.7606 -12.9028 -12.6274 42.4983 33.6473
-2.8626 4.5024 -15.9424 19.6471 -22.9134 -39.0848 -15.2774 -9.9846 39.5756 27.1263
-2.2686 6.6273 -15.2407 20.8938 -20.4818 -35.9206 -13.1974 -11.1327 38.8892 27.6092
-2.2916 6.0310 -15.2856 20.1695 -25.6510 -35.4259 -15.3735 -14.3361 41.4088 34.2912
-2.0260 3.2185 -10.2857 18.7394 -21.7545 -30.8848 -11.2924 -11.2624 27.2223 25.6408
-3.5627 7.4075 -20.9845 27.6488 -30.9242 -48.4809 -19.3603 -17.0045 54.1917 44.6470
-3.3232 5.1529 -12.3801 18.7685 -21.3567 -33.6466 -14.4217 -12.3812 32.0014 31.0208
-4.4718 5.6420 -20.2472 29.4661 -27.2629 -55.4132 -17.8731 -14.9673 57.4731 40.9846
-4.3052 7.6172 -20.7881 30.1621 -34.5710 -51.5000 -19.3210 -16.9806 55.7464 44.6686
-3.4939 5.6833 -15.0490 23.0945 -23.2606 -41.8104 -15.9936 -12.8142 38.0213 32.8435
-2.3888 6.1791 -15.6100 23.1755 -19.0265 -38.1543 -14.0875 -10.9907 37.5944 23.9102
-3.3700 6.9254 -15.5355 23.9945 -27.2969 -43.1879 -15.5231 -14.0013 42.5830 35.8431
-3.1351 4.7061 -14.7028 21.7046 -26.7838 -38.8796 -17.0168 -12.2813 38.9292 34.0868
-3.4000 7.5065 -18.2220 24.6395 -28.7551 -43.9009 -16.0152 -16.9825 43.5388 39.3214
-2.3671 2.6568 -9.6943 13.1478 -16.7752 -25.6405 -11.1100 -8.9968 21.5040 22.4657
-4.0082 5.1612 -13.7042 25.8014 -24.8761 -42.4847 -14.3028 -13.8217 47.9827 36.4401
-3.0287 6.2149 -18.5335 21.3748 -23.9003 -37.1780 -14.9428 -12.7526 37.1786 29.9418
-3.6621 9.0325 -22.7156 34.8009 -31.8101 -56.0804 -18.3798 -17.5984 64.0327 43.8800
-3.8060 5.9629 -20.0580 25.9241 -30.9836 -45.2390 -15.3387 -15.2183 49.3599 38.6822
-2.5422 6.4178 -18.6469 27.9662 -27.5793 -45.9713 -14.2461 -15.6247 54.2873 38.4883
-3.1725 3.2608 -12.1234 21.7375 -20.2006 -39.5385 -12.9308 -12.5182 38.0604 28.1705
-3.6111 6.0502 -15.5901 24.7039 -21.9543 -44.9454 -15.5769 -14.2147 49.2032 34.4280
-1.9718 6.2768 -16.6802 25.0411 -26.7564 -40.4392 -15.5462 -13.9181 43.1249 33.2830
-2.9908 7.5890 -21.2305 25.2112 -28.0066 -45.7141 -16.9789 -14.8886 48.1858 33.3755
-3.1944 5.9092 -17.3601 22.4476 -27.8134 -43.3509 -16.2473 -13.4083 42.2791 34.7481
-2.8392 3.8172 -15.0688 22.7639 -24.2502 -38.3851 -15.0157 -12.5560 42.3293 31.0072
-1.2016 1.2611 -6.0460 9.0630 -12.9987 -19.4720 -7.0505 -5.1775 14.9008 14.5011
-3.0151 5.3222 -13.4803 19.5302 -21.1568 -35.9244 -14.2062 -11.4047 35.5927 26.9841
-3.5301 5.5039 -16.1819 22.5973 -27.3310 -40.4234 -15.6794 -13.4081 44.7724 37.4406
-2.6518 4.7292 -13.4064 22.6263 -22.4358 -38.1984 -16.7096 -11.7177 36.0510 30.1567
-2.7552 8.0596 -18.7684 22.7424 -27.0672 -36.8911 -17.6383 -15.2767 39.9887 39.6311
-3.8157 6.5808 -17.5685 27.1051 -24.7038 -50.1625 -13.8512 -13.8804 53.0430 37.6159
-1.4400 4.2211 -11.3933 16.4792 -16.4005 -29.0184 -9.7439 -8.3517 28.3867 19.9569
-4.3870 8.8821 -22.6799 31.2214 -30.4369 -55.1792 -21.1576 -17.4897 60.9930 44.2637
-3.3231 4.6906 -15.1848 19.2793 -24.5449 -36.3910 -17.7848 -10.9483 32.8643 30.8148
-2.8259 7.0410 -14.5401 22.1599 -23.7835 -37.0178 -16.1386 -15.5352 37.9780 34.6629
-3.2266 3.9341 -11.5211 19.6429 -22.3168 -37.3986 -13.1738 -10.9609 36.3733 31.7416
-1.8652 7.4649 -12.5954 20.7178 -22.7516 -31.1730 -13.9617 -11.9061 31.2951 28.9048
-2.9507 5.3525 -15.3469 20.8813 -23.4235 -37.0488 -15.5616 -13.3820 37.2382 32.3423
-3.6526 4.4624 -16.2055 23.6727 -29.1677 -43.4637 -16.8010 -14.9527 42.3055 38.0415
-2.9402 5.3872 -15.2843 21.2480 -24.1514 -40.2286 -15.1521 -12.0973 40.7380 33.1851
-3.3257 4.0396 -15.9222 21.1297 -25.1418 -38.8820 -15.7257 -14.4712 42.2605 37.4336
-2.2326 5.6142 -12.7568 17.6867 -17.0569 -30.4617 -11.3301 -11.4226 33.7852 29.6597
-2.8175 4.5836 -16.0333 25.5003 -28.9753 -48.8260 -15.6299 -14.7202 46.4924 39.9275
-2.7362 3.8157 -15.5708 23.4524 -21.4495 -39.6541 -13.0296 -8.9842 42.9435 25.8536
-4.1608 7.9796 -23.1650 32.6604 -35.7168 -58.0419 -22.6194 -19.6428 59.9096 48.6199
-2.5198 3.2366 -12.0610 17.0254 -20.4362 -38.2688 -13.8295 -9.7225 34.8384 25.4012
-2.8761 4.4390 -12.8280 20.0659 -21.2064 -32.8769 -13.8729 -10.3929 34.0155 27.6338
-3.5989 6.6993 -18.2429 26.4535 -27.4654 -47.8266 -17.9471 -14.3401 46.2963 36.9042
-1.6746 5.1784 -15.9243 17.2271 -18.9037 -29.9169 -12.0565 -11.4021 32.4392 25.9613
-4.0158 6.1075 -13.7619 22.1821 -22.7355 -39.1517 -14.1126 -12.6649 39.0179 33.5987
-3.6567 4.5655 -12.7315 15.5389 -19.7677 -32.5468 -11.5505 -11.0473 29.9218 26.9019
-1.9175 6.0034 -16.1689 23.7702 -25.1163 -40.3050 -13.8272 -12.0160 44.3990 31.9619
-4.4309 7.7456 -22.2938 32.1234 -32.7306 -55.4888 -18.0445 -19.6843 62.0665 50.2447
-3.3082 5.4203 -13.9160 20.7920 -24.2362 -39.0833 -14.7176 -13.8188 33.1388 34.4765
-4.5567 6.1057 -17.3689 26.4503 -28.7507 -46.6374 -18.3863 -13.7756 47.1535 40.0977
-2.3259 5.0175 -13.1866 17.4387 -19.7538 -29.5881 -11.3211 -11.7807 31.6016 25.5634
-4.2742 9.0531 -22.7168 29.9966 -29.5088 -51.3674 -18.0306 -16.6384 61.0362 44.0101
-2.5461 3.3597 -11.5864 15.8867 -18.7841 -31.0077 -12.9672 -8.0243 25.4042 20.5080
-2.7478 4.9250 -12.5869 20.8658 -18.5005 -36.2321 -11.5911 -12.0709 38.9648 28.1670
-2.9554 3.8988 -16.9711 23.7235 -27.5379 -43.7138 -14.7959 -13.2621 42.6650 33.7221
-3.3616 4.2578 -15.7669 18.9512 -21.1754 -36.2610 -15.6447 -11.8658 34.5771 28.0368
-3.7189 6.7123 -20.1027 27.2828 -27.7244 -47.6858 -17.0325 -15.1479 52.6182 38.5826
-2.4457 5.9931 -15.1442 20.3516 -15.1348 -37.2906 -11.0978 -9.3029 40.8569 22.5322
-1.2514 4.5632 -12.3141 17.3592 -18.3998 -29.7056 -12.1637 -11.0988 31.0196 25.7466
-3.6808 7.3997 -22.3129 29.8410 -30.8420 -49.3884 -18.7165 -15.3797 55.0789 39.1551
-3.2924 5.7279 -13.4921 20.7067 -23.1211 -41.8070 -12.5266 -13.4367 41.1887 36.0812
-3.3765 6.0776 -16.2009 22.8076 -22.2643 -40.3649 -16.9411 -13.6046 43.4332 33.6636
-2.2894 4.8290 -13.7901 16.5268 -18.5747 -31.1884 -12.4789 -9.2867 31.4018 23.1501
-4.2675 6.3026 -20.6258 27.6005 -30.3704 -48.8975 -19.1324 -15.3608 54.4344 40.9851
-3.5712 5.7781 -15.8089 23.5525 -26.5265 -44.4399 -16.7587 -13.7896 40.3310 36.5256
-3.7561 5.3367 -16.6727 27.7418 -28.1432 -45.9089 -18.5515 -13.8111 45.7723 36.0855
-3.1233 5.7967 -15.9554 24.1732 -24.2288 -41.4655 -16.8788 -13.6988 41.4252 32.5671
-3.7525 6.6520 -18.5200 24.1386 -28.0458 -44.9702 -16.8025 -14.2950 48.5792 39.0598
-3.0140 3.7968 -14.0572 23.4804 -19.8007 -37.7385 -11.6730 -11.2771 40.0174 28.3807
-4.2039 6.8568 -22.3804 26.4788 -33.0282 -49.9272 -19.8807 -17.2847 54.3199 46.5751
-3.3219 6.2720 -15.2103 25.6666 -24.5380 -47.4487 -18.2513 -12.7448 46.4301 31.5435
-2.6168 6.1622 -17.4698 23.1573 -23.0504 -36.9402 -15.2242 -13.1014 41.7859 30.7970
-3.6405 7.1620 -18.5856 25.3441 -27.7563 -44.0296 -15.7588 -15.4808 45.9665 38.8391
-4.1071 6.1429 -17.7913 25.7435 -27.8501 -52.1243 -17.3150 -14.0450 51.0184 34.5792
-2.6547 7.9455 -16.4126 26.4165 -26.2992 -43.2874 -17.6258 -12.4563 46.1832 31.1006
-2.5805 7.9812 -19.6846 24.4465 -24.2411 -42.4404 -16.2947 -12.5919 46.6131 32.6845
-2.9864 5.2218 -13.5639 17.7397 -18.5647 -32.9466 -13.7744 -10.9246 33.5796 26.0337
-2.5388 6.2229 -19.7643 25.0740 -26.8605 -42.7519 -13.6426 -12.3515 46.3313 30.5800
-3.9172 5.8605 -19.5057 26.1279 -31.8546 -50.4144 -18.3445 -17.9983 50.3067 44.9003
-3.8306 6.2455 -15.9808 26.8071 -27.1639 -41.8216 -15.8079 -13.6373 41.8662 34.3739
-2.6737 7.1630 -17.0049 22.6610 -25.1557 -39.3315 -14.1518 -14.7555 43.5544 38.7463
-3.5268 7.3742 -19.2885 28.8233 -29.3946 -46.2860 -17.6272 -15.6042 50.6380 38.1537
-3.0877 7.0344 -20.7280 29.3789 -29.4258 -47.2790 -18.0168 -15.1217 51.8321 36.0605
-3.6364 5.4340 -17.3733 24.8120 -25.9924 -46.0250 -16.3669 -16.3264 49.0527 43.8929
-2.6227 6.4308 -13.8514 17.9044 -18.7944 -32.1166 -13.5699 -12.6126 36.2225 27.7626
-3.5689 6.6155 -19.8553 28.1284 -28.3258 -49.1050 -18.4532 -15.8573 51.4714 38.7768
-3.5398 4.7761 -13.3046 18.5874 -18.6038 -32.2727 -12.6554 -8.3226 31.3107 24.5600
-2.1436 6.8675 -16.1836 23.3894 -22.1591 -33.8094 -12.2935 -11.0687 38.0993 26.7517
-3.2158 5.6692 -18.8265 25.1024 -27.7549 -45.0685 -14.1323 -14.5282 50.6245 40.8170
-2.8136 5.6317 -18.4785 21.2525 -26.3746 -40.5130 -14.4254 -14.1893 42.9902 36.8041
-3.6824 5.7891 -19.4129 25.5178 -27.9137 -48.5367 -18.0532 -13.3313 45.2577 35.4928
-4.2973 4.6297 -13.2469 19.2468 -23.8742 -36.3353 -14.8667 -12.5455 35.2350 35.9144
-4.0982 5.7433 -17.0952 21.7127 -25.9068 -41.3632 -15.7374 -14.9600 41.2338 36.6063
-3.3533 5.1300 -14.4483 20.6280 -20.6858 -39.5782 -13.1542 -11.6068 42.6993 33.4635
-4.2365 6.3248 -16.9311 29.9684 -31.5528 -50.0399 -18.0855 -15.8622 54.7822 41.3691
-2.9402 4.4910 -16.4093 22.1201 -21.1913 -36.8744 -12.3433 -10.9941 38.3812 28.5000
-1.2585 4.2282 -16.8413 20.1654 -24.1487 -31.3142 -15.3141 -12.5008 34.2738 28.7185
-3.9583 6.2192 -20.3568 26.9165 -28.9380 -48.7129 -16.7590 -16.2060 52.3081 40.1765
-3.8177 8.0567 -22.1678 30.8905 -31.6366 -54.5333 -22.1053 -17.3637 59.1702 44.1346
-4.9817 7.2453 -21.0399 32.1658 -32.7895 -55.2372 -20.9809 -16.1126 56.0746 46.8564
-2.8561 4.7921 -14.2500 21.4237 -22.4600 -42.5299 -16.3513 -11.9859 36.5739 27.9332
-2.1476 6.5514 -17.1200 24.0018 -24.2038 -38.8162 -14.7380 -12.7941 40.1139 32.8303
-2.4135 4.0827 -11.9148 19.4474 -23.1297 -35.0111 -14.0991 -10.7056 32.1134 27.9423
-3.3801 4.4417 -14.8793 20.1668 -20.6897 -36.7201 -14.6299 -10.9169 32.6759 27.0857
-2.8087 4.3190 -14.0813 20.1544 -23.5544 -38.2293 -13.7829 -10.5400 33.4293 26.4431
-4.8255 8.1649 -23.0522 31.0430 -31.6790 -56.3799 -19.4987 -17.3686 61.3851 44.9556
-2.0920 4.5565 -17.4451 22.0440 -21.6283 -43.8846 -15.8664 -10.9871 42.8531 28.0782
-3.4254 5.1793 -14.5631 20.5613 -21.5639 -40.0641 -13.0301 -11.1523 41.1114 30.2944
-1.7650 4.5898 -11.9977 16.5601 -20.3188 -32.7053 -11.1702 -8.6538 29.9618 23.1474
-1.8182 2.8582 -8.5171 16.1717 -15.8785 -28.9312 -9.5142 -6.8982 23.9803 17.8228
-3.6823 5.5827 -15.5081 23.9811 -29.2869 -42.9708 -16.3457 -16.3116 41.2049 38.9990
-1.2826 4.9846 -8.5495 17.4032 -17.2169 -28.1638 -8.2898 -10.6089 27.3696 22.9965
-3.0054 4.4112 -13.8542 16.8298 -17.0645 -29.6423 -8.7482 -9.5891 34.4703 25.6066
-2.2837 7.2266 -19.4458 27.5543 -28.3201 -46.0402 -19.6840 -12.5852 47.3321 33.0529
-2.4367 5.5733 -18.4171 24.9046 -26.0682 -45.6014 -18.8742 -13.9939 45.8246 33.7638
-2.9129 6.3361 -19.0186 25.3501 -25.3109 -44.6905 -15.6323 -12.6087 46.2245 31.0337
-3.6625 6.2828 -15.9194 23.6794 -26.0194 -39.1618 -14.9098 -12.2274 39.4772 34.8146
-2.0589 3.9967 -11.9206 19.5598 -18.6286 -35.6799 -14.6883 -10.2742 32.3959 22.8548
-5.1896 6.4751 -22.7516 32.7386 -37.8160 -56.8068 -21.8161 -19.5470 58.2289 51.4212
-3.3416 4.6311 -15.2240 19.6673 -21.5953 -41.2714 -16.0662 -12.5012 35.7821 30.8408
-2.0402 4.5795 -13.5704 16.8061 -17.4837 -29.3895 -10.0224 -8.4460 30.5409 18.8962
-3.4515 4.3337 -15.4206 20.1884 -28.5754 -35.5338 -18.2588 -14.1049 34.2517 37.6880
-2.4484 5.4471 -14.6416 19.7450 -19.9654 -37.4638 -13.7468 -11.8644 39.7832 28.4337
-1.9425 5.6086 -15.1988 18.1543 -23.2746 -30.8792 -12.8493 -12.6040 32.1531 32.1709
-4.0255 6.1731 -14.0151 21.8273 -24.2144 -43.0316 -14.3899 -13.6326 44.2756 40.0959
-3.6785 6.1945 -15.5046 23.2236 -21.3625 -41.2661 -11.1245 -12.9892 45.7978 35.3991
-3.7026 4.5724 -16.7695 23.7597 -24.5981 -42.6738 -16.1773 -13.9180 40.0269 33.6368
-1.7245 4.9192 -12.4808 17.0431 -18.5967 -32.4261 -13.4340 -11.4594 30.8963 26.4270
-2.1426 5.4069 -15.9344 21.1584 -25.3236 -39.7600 -15.0703 -10.9935 42.4137 30.7357
-2.2820 6.2568 -17.9327 22.9356 -22.4705 -37.9888 -15.6896 -12.6350 39.7689 31.2216
-3.5212 5.8581 -15.9308 24.8845 -26.3897 -43.8398 -16.9526 -14.1395 44.2200 35.6006
-2.5678 7.9812 -19.1946 25.1466 -25.4185 -40.2236 -14.8537 -12.5847 49.8491 34.5997
-4.0704 6.2480 -18.6465 29.9162 -29.8210 -46.5171 -16.2207 -17.1653 54.2284 42.4787
-4.7137 6.3341 -21.1067 27.9087 -31.9199 -52.4982 -19.3224 -16.2800 56.2171 43.6993
-4.9431 7.1707 -20.4059 29.3395 -30.1080 -49.7703 -17.6434 -17.8565 54.2814 45.1346
-3.2599 7.7571 -19.0874 28.9305 -27.1535 -51.2493 -16.6432 -16.2445 53.7908 39.2328
-4.3342 6.6385 -19.7897 25.8777 -25.6889 -49.6545 -18.2999 -15.4868 48.2121 38.1209
-1.8283 3.3657 -11.4577 17.7112 -16.4682 -31.3671 -8.9548 -7.0025 34.0833 20.3755
-4.9264 8.0590 -19.3579 30.9832 -31.0670 -53.6014 -21.2776 -17.6106 58.9016 45.8292
-2.5551 6.4469 -15.2476 23.8421 -22.6634 -44.7369 -14.4237 -12.1669 42.2631 32.7261
-1.6687 4.2529 -10.2301 16.6095 -17.6261 -31.2561 -13.5103 -11.6640 27.0578 26.1021
-2.1610 6.3741 -16.6801 25.0704 -23.5309 -38.4276 -15.5500 -14.0794 43.2483 32.3088
-2.4564 1.5494 -7.3852 11.6305 -12.1557 -25.8264 -10.6965 -5.4839 14.9490 14.7242
-3.4608 7.7802 -17.6950 22.3058 -19.9944 -37.8857 -10.8636 -16.5419 44.4965 36.8819
-3.1713 6.5094 -16.9378 24.0289 -26.7386 -39.9186 -15.9797 -12.7457 41.9860 33.7547
-3.0325 4.0014 -15.3856 17.2029 -21.0371 -30.9571 -13.2637 -10.9057 28.9503 27.5050
-1.0692 4.3763 -9.9045 12.8084 -16.6857 -25.7134 -9.6382 -8.7810 25.2141 22.2265
-3.2649 3.6972 -13.1091 16.2868 -19.0060 -35.4767 -12.3755 -7.9795 31.9994 24.7657
-4.5756 7.0786 -18.2758 28.0328 -32.0376 -51.3097 -19.0877 -17.2756 49.8965 46.8677
-2.6387 6.2656 -14.0205 18.7486 -26.4701 -31.3053 -14.6488 -12.9378 33.3399 33.2710
-3.8985 7.3750 -19.6053 30.5996 -31.5331 -50.0554 -18.9549 -17.0794 54.8175 40.3175
-1.9750 4.7639 -17.0234 21.4814 -23.4671 -37.3018 -16.2127 -11.2425 40.9446 30.3756
-3.3024 6.0928 -16.4646 24.3966 -19.9083 -47.7200 -15.1640 -12.0142 50.1134 32.8959
-4.2052 8.5375 -20.8879 31.4374 -28.9348 -53.4213 -17.5268 -16.2900 61.7623 42.5718
-3.5171 7.6782 -16.9505 28.7153 -27.4103 -48.6116 -16.5457 -13.8426 52.1303 35.6111
-3.3070 6.2020 -18.6075 26.7827 -26.0424 -50.8180 -17.1821 -13.2795 53.0746 35.4959
-3.3120 6.5464 -14.7597 21.5895 -24.8028 -36.2277 -13.9073 -13.6726 36.2802 32.3817
-1.6412 5.2395 -13.3169 18.6814 -18.3046 -35.1355 -14.4267 -9.2926 35.1238 23.4745
-4.0957 5.8114 -14.7696 26.7395 -27.0578 -49.2952 -17.0044 -15.1173 45.8334 35.3446
-4.0040 6.2676 -19.4742 27.5998 -29.7659 -47.4367 -20.9293 -15.2832 50.1337 37.9846
-2.6927 5.3718 -15.8317 26.8584 -32.2942 -47.4274 -17.9637 -14.2518 40.8448 38.2033
-3.4884 8.2431 -18.5824 26.3231 -27.7155 -49.1808 -18.3979 -17.2217 51.6153 39.6896
-2.7598 6.3512 -17.1786 23.8018 -27.7260 -42.3694 -17.7192 -14.5626 40.9979 36.1271
-3.7505 6.2204 -16.5649 24.4549 -26.2250 -48.1032 -15.3011 -14.5314 44.0740 37.0986
-3.1078 7.5078 -20.0792 30.8530 -29.0893 -53.0094 -15.5857 -15.8241 59.7998 40.6807
-3.6749 4.7787 -13.0119 22.1525 -24.7762 -36.1620 -12.1309 -11.9255 33.8567 31.2819
-2.9232 3.9103 -13.4046 21.9892 -21.9608 -40.6995 -14.7714 -11.0842 37.2699 31.7675
-4.5552 7.1037 -17.8322 28.6888 -29.7491 -52.1751 -20.1548 -16.9192 53.8134 42.8388
-4.7667 9.1010 -22.6081 31.5898 -33.8595 -56.6872 -19.5981 -18.9481 61.3880 48.9673
-2.6261 5.2106 -14.3961 22.8626 -21.6189 -39.5600 -15.5260 -10.0119 37.7544 24.8244
-3.7894 4.1387 -15.3305 20.6127 -25.2447 -40.6333 -15.3422 -9.7716 39.5657 30.7906
-3.8332 5.0176 -15.9401 27.4173 -27.6029 -50.9801 -18.9261 -14.3624 47.3032 38.8254
-4.6990 8.4452 -22.7900 33.0543 -36.2659 -54.9345 -20.5725 -17.6420 62.9546 49.0744
-4.4656 6.2787 -17.2388 26.4103 -27.6727 -47.8641 -16.9670 -13.1998 45.2897 37.4751
-3.6475 4.5275 -15.3732 23.3078 -23.2892 -42.9974 -14.6536 -11.6027 39.6923 30.2797
-2.5747 6.0967 -18.5009 21.9397 -26.7559 -36.9049 -15.0069 -11.9218 40.3431 32.3881
-1.9517 6.8412 -14.6666 19.4556 -23.2309 -30.1207 -11.6400 -14.0400 36.9935 35.3464
-3.0352 6.2707 -15.8909 26.0151 -21.1725 -41.0340 -14.4686 -12.7106 45.1356 31.1299
-2.4516 4.0375 -10.1472 13.5698 -17.2151 -25.3126 -8.7783 -8.6154 22.8097 24.2289
-4.0189 8.8510 -22.6281 28.9055 -30.6774 -50.7422 -18.0048 -18.1239 58.8791 43.5929
-2.7956 3.6261 -14.2545 20.5429 -18.9827 -30.9642 -11.8194 -11.1501 33.8490 28.2645
-2.8801 2.5819 -13.1939 18.9982 -23.5694 -38.4578 -13.8443 -11.2043 34.2577 29.0949
-4.8385 5.3331 -18.1592 26.0450 -30.0084 -47.2342 -17.4204 -15.4637 47.3476 42.1271
-4.6460 4.6007 -17.6506 20.5264 -23.7119 -39.9166 -16.0225 -13.3499 36.3348 32.9259
-1.6080 6.8506 -14.7881 21.0549 -19.7712 -36.5437 -11.6992 -12.5608 38.1009 30.7884
-3.2898 8.3710 -21.5401 29.7460 -30.7032 -50.7559 -17.1185 -15.8075 56.3109 40.2461
-3.7311 4.6401 -13.2707 23.3912 -25.1588 -42.0089 -12.8448 -13.3413 39.6069 33.5136
-2.3249 6.5261 -18.7379 25.7091 -27.5569 -44.5738 -18.3358 -14.7092 48.0286 34.0688
-4.4722 6.0761 -16.3626 25.8596 -26.6187 -44.4872 -15.4704 -12.4116 45.1793 35.5398
-3.6121 6.5285 -17.6079 24.2409 -27.0788 -43.4741 -15.3475 -14.3747 46.0518 37.4337
-3.3642 6.6127 -17.9693 23.4928 -27.2611 -47.4596 -16.6673 -14.7454 48.7209 38.1571
-4.1673 5.9292 -15.6898 25.3750 -26.0646 -40.2328 -16.7665 -13.2775 40.3103 36.7388
-3.0612 7.6762 -17.5762 27.8525 -26.5393 -45.0209 -16.3572 -13.7514 50.9334 31.5230
-3.2994 5.5231 -17.7020 24.1781 -26.3194 -39.9191 -15.0162 -14.1557 48.2452 34.4234
-3.2200 5.7398 -16.4107 20.5047 -24.9852 -37.0348 -12.0937 -13.1042 40.3402 33.9352
-3.6207 6.4697 -19.0871 27.4560 -30.0027 -48.5133 -17.0417 -15.6592 47.3507 38.8976
-2.7420 6.5463 -15.3995 22.0256 -28.1301 -39.1029 -14.1436 -13.2987 39.5099 34.1376
-4.2188 8.4522 -20.9142 29.4349 -34.1055 -51.3249 -18.5715 -17.3596 56.2410 48.8325
-3.2023 6.5976 -18.7222 23.2929 -26.6284 -38.0973 -14.5473 -15.7267 43.1849 38.4590
-3.2221 5.7992 -19.8610 29.1838 -31.1630 -50.6887 -18.4418 -14.8496 55.0272 38.6880
-3.7593 4.6100 -14.6543 25.1247 -25.6443 -49.9053 -16.4696 -10.9304 48.9620 32.0084
-3.8783 5.6220 -14.9287 22.5830 -23.2249 -40.7933 -15.0134 -13.5533 42.0779 31.0948
-4.5666 5.5541 -18.1811 27.3169 -29.0316 -51.4752 -19.2171 -14.8095 47.5620 38.0914
-4.3818 4.4104 -19.7766 25.7474 -29.0936 -52.4190 -17.8369 -15.1365 52.8415 38.0971
-4.5938 7.3815 -20.9084 30.3266 -34.2556 -52.6387 -18.9220 -17.9715 58.4073 47.7674
-3.2506 5.3804 -19.3404 27.3294 -28.1014 -48.6316 -17.8320 -14.7580 48.3417 33.3881
-3.0086 3.3906 -14.4681 21.2644 -24.0478 -40.9602 -16.9961 -10.8057 41.1024 28.6933
-2.9609 7.2122 -19.5827 24.0043 -25.5480 -43.3207 -16.4754 -11.9606 45.2976 30.5593
-3.7649 5.8029 -18.1018 25.6352 -28.0631 -43.5638 -17.6264 -15.3341 48.9812 39.8761
-2.6255 4.0134 -9.7471 15.7266 -22.5278 -30.0639 -13.0920 -11.4533 28.2148 29.7476
-2.6767 4.4354 -14.5439 19.9752 -24.6179 -34.8011 -14.1467 -11.1009 32.0579 29.3317
-3.3250 6.4302 -17.0876 23.5682 -28.0983 -46.0740 -15.3082 -14.7263 46.0701 35.9424
-3.1971 3.1478 -14.6374 20.7965 -27.1956 -40.4937 -17.1329 -10.8596 37.4126 32.5517
-2.4912 3.8466 -12.6931 18.5687 -17.3177 -34.7908 -10.6191 -10.0842 33.0235 25.2858
-2.2263 6.1037 -15.5614 24.1355 -24.8001 -40.2007 -15.5420 -13.7195 44.6166 35.0199
-2.9423 7.3655 -18.7077 25.6682 -28.9811 -43.6319 -18.2091 -14.0526 45.1088 35.6091
-2.7184 5.3402 -15.3817 19.7217 -17.8789 -37.1975 -11.4422 -9.8941 40.9899 27.1986
-3.2043 5.9182 -16.0923 20.8588 -22.4909 -40.9539 -14.1633 -12.5392 40.3835 32.6654
-3.6618 5.1269 -18.7812 24.2098 -26.3553 -46.9626 -18.0889 -13.4808 45.3072 34.3672
-4.0380 6.2383 -19.5721 27.2933 -33.1744 -48.9204 -18.8743 -16.6149 48.9348 43.3542
-3.0076 4.5846 -18.1681 22.1037 -29.0540 -41.3507 -17.9355 -13.2537 41.7358 36.7689
-2.6232 5.6055 -16.5563 24.1242 -27.6709 -40.8703 -12.8716 -13.9678 41.3618 34.8937
-2.9818 4.5519 -16.0373 20.7925 -23.0159 -39.1729 -15.7495 -11.7434 38.4355 30.7565
-2.4900 2.7025 -10.1433 12.7735 -15.5448 -27.2481 -12.3306 -6.6069 21.6273 15.7947
-2.2338 2.9285 -9.4360 15.7816 -16.0968 -26.9642 -10.7921 -7.6334 27.2036 18.4875
-2.8930 4.6748 -14.4409 15.8001 -18.4260 -30.1997 -13.1359 -10.0508 31.5054 26.2066
-4.7833 7.4043 -19.7487 34.2707 -30.8024 -59.7276 -19.4306 -16.5665 63.4853 42.5496
-3.7613 6.8938 -20.5652 27.6617 -30.2839 -48.7478 -17.2442 -15.5436 54.9780 41.6375
-2.1936 5.0994 -15.5378 17.9362 -23.5220 -32.5272 -12.2681 -13.1407 34.6429 31.5462
-1.3055 2.9961 -8.8437 11.6461 -12.6874 -20.4529 -7.4939 -8.1470 18.7179 18.5995
-2.5734 2.8794 -11.6806 16.7769 -16.9610 -32.8398 -11.7312 -7.3450 27.7428 19.3670
-2.6441 3.8701 -14.5347 21.4090 -22.7618 -40.0112 -15.8805 -9.9832 37.2445 29.0689
-2.5602 5.2598 -15.8370 21.1018 -26.5163 -35.7414 -14.7286 -14.7402 36.6987 39.7158
-3.7433 7.9669 -21.2986 30.4021 -32.5129 -52.6834 -19.8092 -14.6572 58.5495 40.5542
-1.4199 3.9276 -13.1796 16.2659 -22.8906 -31.5588 -11.0787 -11.2738 28.3818 26.8218
-2.9193 5.2315 -13.9156 17.5648 -19.1109 -31.9790 -11.2546 -10.7642 34.4926 30.2287
-3.0005 2.8652 -10.5772 17.5427 -23.9680 -30.8533 -12.8614 -10.1178 26.9806 26.6064
-3.1496 5.7558 -14.1379 20.2817 -19.6124 -38.5248 -11.7821 -10.8394 40.7604 30.2635
-3.7346 6.7926 -16.2413 25.1455 -25.0958 -41.2207 -12.9532 -15.7880 46.7312 38.0101
-2.7212 7.6417 -19.6167 25.7116 -29.1789 -44.5753 -19.5929 -13.4153 48.3698 30.9227
-3.7930 5.7927 -16.1310 27.2204 -25.4994 -50.6205 -14.0678 -13.7308 50.2402 38.2431
-2.3858 4.3440 -12.4888 18.3957 -19.3114 -31.1867 -12.0598 -9.9709 32.1753 24.9551
-3.0645 5.9539 -14.5027 18.8453 -18.8576 -34.5303 -13.0369 -9.6139 36.1176 25.4019
-2.4974 7.6654 -18.6110 26.0346 -26.9109 -43.8256 -13.6704 -14.2272 51.5587 36.0945
-4.0440 7.9340 -18.2983 29.4341 -26.0552 -47.7212 -16.1619 -15.0638 53.3437 35.6764
-3.5783 4.8296 -15.5565 23.1977 -28.3655 -40.2574 -16.4099 -15.4109 42.2186 36.0312
-2.2350 4.0044 -11.4424 16.6067 -15.0212 -31.0032 -11.2017 -8.3760 28.2382 18.0535
-2.5250 4.9619 -13.8246 21.4721 -21.2457 -35.5089 -12.3958 -11.1185 35.1458 29.6942
-4.7706 8.4601 -21.5969 32.7754 -31.7125 -57.1163 -20.2648 -16.0315 61.2048 44.5029
-4.1967 6.6461 -17.8786 29.3807 -27.8603 -46.4402 -16.0552 -17.0274 53.3214 42.7896
-1.4138 8.1909 -18.7588 22.1656 -22.0065 -34.5896 -15.3839 -12.4808 44.6200 27.1737
-2.2754 4.4963 -12.1716 19.2701 -20.8892 -33.1747 -11.7745 -10.5354 33.6988 27.0653
-2.5907 3.2567 -8.5501 12.9441 -13.5326 -25.1012 -9.1981 -8.1491 19.8124 18.7711
-3.4568 5.1520 -19.6547 25.7220 -28.0255 -50.0600 -17.8508 -13.4146 49.7382 36.7707
-2.2497 6.6673 -15.7352 23.4161 -21.0626 -39.7597 -14.5327 -12.5868 42.2352 28.4915
-3.9330 8.0478 -21.4934 26.4429 -27.7438 -51.6538 -21.2765 -14.6486 52.3666 37.9059
-2.7849 3.8304 -11.2098 15.7945 -19.2052 -27.9086 -12.9381 -9.1610 22.7333 22.7081
-2.5893 7.7439 -20.8293 26.0688 -26.0903 -43.9507 -14.8090 -15.3176 49.1355 32.7567
-1.3906 3.4519 -10.7044 17.5669 -21.3109 -29.7590 -11.5622 -10.1659 26.2816 27.4325
-1.9258 5.9121 -14.4661 21.7001 -17.5808 -36.4106 -11.4737 -8.8894 36.2304 20.4452
-2.6860 3.0081 -12.8255 14.9234 -25.3276 -32.6622 -14.9891 -12.1008 24.7163 31.5605
-3.5371 6.4654 -18.1113 28.7827 -32.0944 -51.1648 -20.2820 -17.0220 52.5094 42.7347
-0.9338 5.9983 -13.1761 14.4705 -14.9194 -22.3206 -7.1806 -8.9447 29.0201 22.7758
-2.2209 3.1206 -8.8094 15.0839 -19.4297 -24.9141 -8.2228 -9.1289 25.8262 21.9978
-2.6732 6.1968 -15.6188 23.4360 -24.9528 -39.6086 -16.0628 -14.3846 42.3048 35.2154
-3.9047 5.8487 -14.5068 22.5197 -22.5874 -39.1035 -16.7949 -13.0814 38.7251 32.2831
-1.9320 2.9028 -10.7459 15.2870 -16.2538 -28.4735 -13.5778 -9.8615 22.8176 23.0786
-3.3754 5.9424 -18.1463 27.6422 -25.9743 -48.8796 -15.4451 -14.3263 50.3324 35.5301
-1.5443 3.6384 -10.6804 15.6905 -15.8347 -26.8029 -8.4408 -7.4759 27.2726 19.1733
-3.6626 5.4006 -16.6283 25.0432 -27.5848 -48.8639 -19.8156 -15.3549 43.9043 41.9988
-2.5616 5.1581 -17.4235 22.4167 -27.3909 -42.6374 -14.7257 -13.0798 45.0453 31.9175
-3.5282 7.9609 -22.4830 31.8704 -33.1053 -56.1959 -20.5938 -16.2510 58.5989 41.3113
-2.8939 6.6870 -17.4717 21.5632 -23.0955 -37.3835 -14.7133 -12.4269 42.0422 30.9623
-3.1217 6.8880 -19.0779 27.2072 -28.2524 -43.4118 -17.9217 -14.9520 47.7438 37.2509
-4.0927 6.7762 -20.6742 28.0049 -31.1987 -50.4972 -19.7015 -15.0396 55.0212 41.7641
-3.6829 5.6710 -18.5623 24.6462 -22.6718 -46.1632 -19.4100 -13.4974 45.1807 31.0477
-3.2472 7.4375 -17.2072 25.8648 -27.9072 -46.0236 -16.8055 -12.7379 48.6513 34.4761
-3.6601 7.8764 -21.0894 25.3174 -24.5763 -46.2119 -16.0618 -12.7235 48.1045 33.6246
-3.7604 5.8331 -19.3554 23.2891 -28.7566 -42.2262 -17.0517 -16.1014 46.5644 40.6327
-2.8606 5.3919 -16.1283 23.3655 -26.3291 -41.0627 -16.4276 -12.4783 42.3161 30.7396
-3.9247 5.8999 -19.9960 29.7923 -32.2279 -54.7434 -21.4995 -16.7805 53.4548 45.8845
-1.4994 3.2247 -11.4775 16.9266 -20.4186 -27.4525 -12.7035 -11.2729 28.3408 24.0953
-2.9424 4.8594 -17.3241 24.7442 -25.5832 -42.7113 -14.4368 -13.8854 46.0039 37.1884
-3.9235 6.6434 -18.6875 28.4034 -30.1819 -52.2247 -17.1446 -17.0863 54.6094 41.1208
-5.2211 7.1826 -21.2861 29.9373 -31.6723 -55.7023 -21.3308 -16.7680 58.5579 45.1780
-2.1203 5.3016 -12.0965 20.1995 -20.3973 -33.3405 -11.7670 -11.1981 32.8830 26.3693
-4.0099 7.8302 -20.9230 31.2093 -30.6894 -55.3299 -20.3383 -16.5479 58.4994 44.6177
-3.7580 6.2068 -15.4411 25.5751 -23.2126 -46.1666 -16.7810 -13.7717 45.1152 34.5661
-3.0799 3.5473 -10.7896 15.7287 -21.3177 -28.9151 -11.8241 -10.8873 28.0687 28.4041
-2.9247 4.6836 -13.8832 22.3080 -22.7550 -37.1442 -12.6948 -12.9853 38.7019 32.5942
-4.4565 8.1824 -22.3203 32.1017 -31.7059 -58.5696 -18.6886 -18.0687 62.0169 42.2719
-4.4546 5.0000 -19.8697 27.5585 -33.0057 -50.7432 -16.7667 -16.6153 55.5545 48.5213
-2.0347 2.8672 -9.1279 14.9110 -16.8180 -31.4247 -11.5278 -7.0654 27.6156 20.0369
-3.5143 6.2971 -18.7163 27.7062 -29.2538 -49.1730 -16.5619 -14.8444 53.9419 36.3012
-2.3535 4.6697 -9.6562 16.0838 -14.9471 -30.9314 -8.7633 -7.9402 29.4456 19.6492
-3.9695 5.7203 -17.7744 26.5197 -27.1284 -46.3529 -16.9065 -15.2549 49.7849 35.5567
-2.8192 6.0068 -16.8393 23.5759 -25.9665 -45.0223 -16.8690 -12.2946 41.8848 34.4554
-2.8729 6.5732 -15.8656 24.0684 -24.8979 -40.5769 -11.9351 -14.0039 45.5020 35.7705
-1.9632 4.9581 -16.3913 23.9297 -24.1883 -39.5095 -16.1452 -12.8266 41.7537 29.8242
-4.4233 7.4583 -20.4992 31.4512 -33.7627 -57.2435 -19.7820 -19.4923 60.5793 48.0603
-3.2462 7.8371 -18.2001 23.5410 -25.4640 -44.6223 -15.0241 -12.4859 48.8708 34.6107
-2.1471 4.4487 -14.0456 17.1516 -18.5019 -31.0598 -9.9657 -10.1296 30.5357 24.2549
-3.1819 4.5765 -15.9815 20.1680 -23.9690 -37.7478 -14.8582 -11.5364 41.3233 32.5177
-3.1239 6.7187 -16.7182 23.6339 -25.8162 -43.8385 -16.5785 -14.2220 40.7524 35.8818
-2.6178 4.4833 -10.3042 18.8274 -19.2508 -28.2967 -11.4827 -12.2389 27.5714 30.0108
-1.7353 6.6702 -13.4960 16.6634 -21.2995 -35.0097 -12.8879 -10.5354 30.8224 25.4897
-2.2918 5.2204 -12.3689 21.3531 -17.3927 -36.0065 -11.3604 -10.9529 36.2165 26.8074
-2.3003 4.3134 -11.6131 15.2107 -18.5452 -25.4603 -10.9732 -10.5357 28.4620 28.4296
-2.9288 5.4979 -15.7468 23.2281 -26.2459 -42.9592 -14.7484 -14.4967 42.6159 37.9882
-4.3094 6.9774 -20.8288 28.3210 -31.5081 -47.9806 -20.1490 -16.3199 50.7043 38.5967
-2.4240 5.9510 -13.8294 27.7549 -29.6023 -43.2946 -15.4783 -14.3092 44.8597 37.6224
-3.1896 6.5529 -16.0766 21.7089 -22.5009 -37.1219 -14.0472 -12.5890 40.2456 30.4633
-3.3849 6.7044 -18.0705 26.5633 -25.4760 -44.9581 -15.9748 -13.9155 48.9196 31.4646
-2.3024 3.6212 -11.1598 18.8862 -24.8570 -30.1606 -14.3890 -11.1177 26.3456 32.1704
-2.1072 6.3020 -15.4169 21.7725 -21.9011 -35.0042 -16.3624 -12.1536 35.4546 27.5183
-2.7801 5.9657 -14.9774 23.3781 -22.0934 -40.2936 -15.8413 -12.5338 37.6321 31.6069
-2.0369 1.9749 -11.6567 15.1403 -20.0838 -29.2749 -11.3314 -8.6041 26.2261 26.5056
-4.8007 7.3090 -22.7656 33.1952 -31.4387 -56.1913 -20.1272 -17.5944 61.7652 42.4347
-2.2478 3.8232 -9.7872 15.5270 -20.2063 -24.5112 -9.5306 -10.4754 25.5238 28.7545
-2.5457 3.4470 -15.3745 23.8713 -25.2876 -40.5994 -15.2303 -13.1495 41.7410 31.0273
-3.9139 7.3750 -22.2236 30.4208 -34.7627 -54.2152 -20.1249 -19.6476 57.8724 49.6663
-3.1015 5.8613 -18.1308 22.4386 -23.7410 -45.5310 -18.7582 -13.2586 40.1049 33.5860
-4.3387 6.4473 -18.2801 26.7863 -24.3377 -45.3036 -16.3715 -15.5706 49.4304 36.6503
-3.8246 7.7816 -20.7170 29.1644 -31.4670 -48.6859 -19.3422 -15.1382 53.6542 41.1796
-3.5955 5.8549 -19.2536 23.1127 -27.2486 -42.8623 -16.2469 -12.8560 40.6701 35.2237
-1.3715 2.8665 -6.9281 12.3961 -13.2217 -19.0956 -7.3943 -5.6646 17.3303 12.8870
-3.0856 6.3992 -18.6702 28.0536 -28.0651 -49.3828 -18.2998 -14.4781 50.3149 37.8301
-1.4726 5.1170 -12.1987 15.5326 -19.8115 -24.3499 -12.2141 -9.4838 24.2359 25.5046
-3.1514 6.4893 -20.5027 26.2540 -31.4353 -48.8578 -17.5171 -14.8482 47.9004 38.8157
-4.4069 8.8105 -24.2634 33.6313 -36.3813 -55.3118 -19.7339 -19.9126 63.6113 49.7549
-3.0518 4.8534 -15.3762 22.0216 -23.7627 -39.8385 -12.5677 -15.1937 43.1927 34.0703
-3.0702 4.5764 -17.0908 21.8933 -29.4487 -45.3877 -19.2360 -12.5488 41.1151 34.0501
-4.3505 6.2861 -16.5678 27.2127 -27.6486 -47.0168 -19.2607 -15.2529 45.8160 38.1422
-4.6914 7.3681 -19.0982 28.8445 -33.7431 -57.9508 -20.1131 -18.1311 57.5324 46.8933
-3.3422 5.5795 -15.9038 22.1158 -24.9429 -38.3810 -17.3975 -14.2354 41.3133 36.4923
-2.8981 5.7798 -18.6606 25.8484 -24.6330 -40.8808 -14.8392 -11.6873 50.0003 31.2703
-4.0207 5.1398 -15.3981 24.7022 -24.3675 -43.6315 -16.0536 -13.7858 40.9044 33.5505
-2.2476 4.9982 -13.1327 17.5567 -20.4734 -26.8867 -11.3266 -9.7390 28.5304 23.9422
-1.3221 5.3686 -13.8630 15.8560 -14.5987 -26.8288 -8.1002 -8.7920 30.8985 20.2677
-3.4063 8.6071 -21.1480 32.5561 -32.2453 -54.6181 -20.8863 -16.1107 59.3076 40.4930
-3.4905 5.3062 -13.6143 20.8534 -20.9915 -34.1857 -11.9932 -13.3795 36.8308 34.6995
-2.7587 5.2282 -17.2266 22.9721 -24.7450 -38.9129 -14.9681 -13.1927 36.3435 33.1765
-3.2749 7.8229 -17.7929 24.0949 -24.9936 -44.4744 -17.0095 -13.2394 46.7902 33.4767
-3.1818 5.8866 -16.8516 23.9262 -26.2089 -42.9217 -17.7006 -10.6232 44.3463 29.6248
-3.9365 6.3464 -19.5672 27.3636 -28.5004 -44.9963 -16.9318 -14.6494 48.7362 35.4841
-3.0467 3.6566 -12.5330 17.8053 -21.6064 -33.4908 -12.4925 -11.6141 34.1167 32.6517
-3.3112 5.8881 -19.1595 26.7808 -28.2316 -46.6366 -18.5447 -14.3817 49.2666 37.5713
-2.9698 4.0417 -13.4466 18.4425 -20.3136 -34.4328 -11.9276 -12.4183 34.4275 30.6769
-3.0391 6.3976 -14.0823 21.4655 -21.9787 -37.0830 -12.6133 -12.8369 45.2101 31.9878
-4.2259 6.7524 -18.3158 27.2935 -28.4067 -45.7858 -17.0585 -15.3393 47.9629 39.1329
-2.1645 7.7350 -15.4177 22.0053 -25.9480 -39.5967 -15.8302 -13.9844 39.7146 31.5444
-3.7089 4.9194 -18.2425 23.3350 -27.3377 -43.0569 -16.4281 -12.2454 45.2743 35.5574
-3.6201 6.1432 -15.2792 22.6743 -22.7804 -41.9489 -12.9603 -13.5826 45.8574 38.3713
-5.0328 9.3975 -25.2017 34.1469 -36.0295 -60.2920 -21.3384 -19.8830 64.4391 49.5105
-2.7687 4.5498 -14.2299 21.1011 -19.3079 -34.7019 -13.8499 -10.8092 35.3613 25.0141
-4.1867 7.5326 -19.7103 27.9021 -29.2141 -49.9219 -16.5362 -17.2134 57.1036 42.4513
-1.7483 2.6766 -10.6460 9.0674 -12.5683 -19.7001 -9.4424 -5.8031 23.2160 18.7494
-1.5772 4.2687 -13.2506 14.8913 -19.5566 -27.3510 -9.2584 -9.2507 27.3684 23.5203
-3.3124 6.7043 -17.8681 27.3040 -27.1963 -45.5486 -17.6247 -15.9179 48.7528 35.7062
-2.7595 6.5644 -16.2828 25.1352 -24.8790 -40.8507 -12.7895 -10.8133 44.0108 30.8316
-4.9075 7.7659 -22.2537 31.7024 -34.8879 -57.0779 -20.4960 -17.7708 60.9345 48.1637
-2.1529 6.5809 -16.6601 25.6905 -25.6427 -39.0462 -13.9447 -13.8149 44.7358 35.6649
-4.2487 6.8968 -19.7364 30.1628 -26.9463 -53.5057 -17.9675 -16.2721 58.8304 40.0548
-3.1134 5.6122 -17.2316 23.2284 -25.2432 -40.9821 -14.4327 -13.4720 45.2600 33.1745
-3.8997 6.5400 -19.0469 28.0499 -29.9095 -50.6546 -18.7897 -15.1148 48.9152 38.3073
-2.9292 3.5264 -13.5361 17.0350 -25.0553 -30.6388 -14.2846 -13.5933 32.9286 35.6815
-3.3106 6.9620 -15.6862 21.1175 -23.5713 -39.2680 -14.0627 -13.1284 41.5204 35.7666
-3.3658 5.3138 -16.3349 22.0058 -25.0444 -39.5226 -16.1294 -12.0627 41.2362 33.5929
-3.6838 6.1809 -17.9209 23.3485 -28.4432 -44.9278 -16.7904 -14.1492 47.9329 36.1049
-3.4379 4.5340 -14.0275 21.6776 -24.3289 -39.8094 -12.9551 -12.6193 40.1700 34.3423
-2.9810 6.8752 -18.0116 24.8046 -26.4625 -41.6126 -15.1549 -14.3637 48.6195 35.0663
-3.6349 4.9023 -15.4246 22.2122 -23.9063 -42.0638 -16.0207 -12.9955 39.9600 32.8157
-2.1606 5.9424 -14.2803 21.4616 -22.4891 -33.9101 -12.0670 -12.3655 39.2667 30.8243
-3.7045 7.5120 -20.4327 28.0669 -30.6220 -46.4649 -16.2666 -15.6873 49.2949 39.3845
-2.9000 4.8641 -13.9343 17.2064 -20.4709 -35.7526 -12.2943 -10.4694 33.5549 27.3310
-3.2700 6.8491 -18.9815 29.8493 -30.2438 -56.3326 -19.1170 -15.8671 57.2309 41.4997
-4.5059 7.0824 -19.9812 28.6939 -35.7834 -53.5242 -21.7457 -18.4322 56.5606 48.5233
-2.4957 5.0089 -12.4127 19.9648 -20.6748 -33.3289 -12.8242 -10.7547 35.4383 24.4767
-3.0472 6.4073 -19.1729 26.1741 -28.4893 -46.3794 -19.8738 -16.0654 47.6297 38.6750
-5.0966 6.4209 -19.9951 31.0757 -31.3749 -53.7373 -17.6722 -17.3746 56.0373 44.1024
-5.0528 7.1183 -20.5320 28.7472 -31.3655 -53.8393 -20.6798 -18.4424 57.9862 49.0935
-3.9942 5.3527 -17.1428 23.7039 -28.3904 -44.3517 -15.7884 -13.2836 45.4549 37.5898
-2.3228 4.7618 -12.9844 18.9755 -17.2174 -37.1514 -12.7648 -9.8243 35.9466 24.7822
-0.8745 2.0347 -5.7951 9.6711 -10.6288 -17.9514 -5.1043 -5.4890 15.1397 14.4908
-2.0935 4.9203 -14.6048 20.4592 -20.8839 -35.7741 -12.4860 -11.0312 35.1335 27.7703
-4.9260 8.7818 -22.9645 33.2177 -37.4885 -58.8575 -22.7858 -19.9083 62.6110 51.8245
-4.4538 7.4683 -24.3189 32.9121 -35.9081 -59.8589 -22.9013 -17.4180 62.3449 45.1016
-3.9275 6.7447 -17.5936 25.4386 -30.6149 -45.9293 -17.1849 -14.4971 44.2046 38.5868
-4.8106 6.8708 -21.1789 27.8060 -29.7312 -53.0423 -17.5583 -13.0676 54.1212 38.8327
-3.3658 5.1862 -16.6363 18.9193 -20.8517 -37.1690 -14.1144 -12.1287 36.1245 30.6074
-2.8221 5.3157 -14.7175 18.9476 -16.4788 -37.0350 -13.2397 -11.0906 36.8415 29.2714
-2.6567 6.8068 -14.4561 21.1693 -20.0038 -34.6473 -13.0907 -11.4246 41.2658 27.9650
-2.3030 7.8156 -16.9280 23.9353 -24.2279 -40.5425 -16.8378 -13.4323 42.8852 31.5638
