-0.361803 -1.420915 -0.974541 -1.269577 -0.759033 -0.364519 -0.160349 -1.105702 -1.181300 -1.983774
-1.085722 -1.539551 -0.744815 -1.087611 -0.750300 -0.984099 -0.217813 -1.047988 -1.131402 -1.751790
-0.513206 -1.477314 -0.877560 -1.377449 -0.686060 -0.988658 -0.199353 -1.384495 -1.047414 -2.209388
-0.367282 -0.263776 -1.040264 -1.168557 -0.705259 -1.074867 -0.203603 -1.348541 -1.406594 -2.185051
-0.322541 -1.364037 -0.890319 -1.235718 -0.934445 -1.000879 -0.201710 -1.301701 -1.089438 -0.135497
-0.428989 -1.213855 -0.536621 -1.384810 -0.705023 -1.109230 -0.162984 -1.311497 -1.014673 -2.186251
-0.341382 -0.325048 -1.062350 -1.161423 -0.807370 -1.059242 -0.166336 -1.423391 -1.218623 -2.166367
-0.401214 -1.466017 -0.750701 -0.304102 -0.824522 -1.229109 -0.179974 -1.057643 -1.188553 -2.056673
-0.337063 -0.298836 -1.013727 -1.045968 -0.745020 -0.994145 -0.175675 -1.379820 -1.148718 -2.074909
-0.349029 -1.698655 -0.898534 -1.180883 -0.685582 -1.112500 -0.204500 -1.413529 -1.022983 -2.254365
-0.364407 -1.335736 -1.009818 -0.304987 -0.781612 -1.182137 -0.163486 -1.323711 -1.118781 -2.310124
-0.420023 -1.631976 -0.819000 -1.277325 -0.601447 -0.444964 -0.255633 -1.313374 -1.183983 -2.143850
-0.409615 -1.066816 -1.084937 -0.291779 -0.761127 -1.081742 -0.169296 -1.031457 -1.315401 -2.151627
-0.404843 -1.401183 -0.885248 -1.320800 -0.831496 -1.109397 -1.827418 -1.232982 -1.089401 -2.038300
-0.355386 -0.302242 -1.046431 -1.133168 -0.784425 -0.958727 -0.188493 -1.362472 -1.132170 -2.227637
-0.345510 -1.557362 -0.914341 -1.184748 -0.596845 -1.074581 -0.199052 -0.346649 -1.194215 -2.300663
-0.433064 -1.429303 -0.647277 -1.132308 -0.711565 -1.222949 -0.196442 -1.101106 -1.237027 -2.102215
-0.396756 -1.603061 -0.971597 -1.257611 -0.791312 -1.285529 -0.156081 -1.187089 -0.354986 -2.082968
-0.417752 -1.407385 -0.932088 -1.247060 -0.802489 -1.018553 -1.698120 -1.301672 -1.064655 -2.134273
-0.415039 -1.465107 -1.029655 -1.363939 -0.663227 -1.346317 -0.210957 -1.226074 -1.282444 -0.107551
-0.385733 -1.277023 -0.713308 -1.404705 -0.736842 -1.020020 -0.211917 -1.358208 -1.171333 -2.033545
-1.017968 -1.442194 -0.694944 -1.071869 -0.741011 -0.949254 -0.223225 -1.106834 -1.249983 -1.883826
-0.423878 -1.555629 -0.975511 -1.156097 -0.806228 -1.038341 -0.205605 -1.268406 -1.225688 -0.106072
-0.377359 -0.247546 -1.051206 -1.220030 -0.664031 -1.128377 -0.213922 -1.327658 -1.271018 -2.132784
-0.423323 -0.348321 -1.029365 -1.210090 -0.682984 -1.027941 -0.150652 -1.352689 -1.019071 -2.186761
-0.341513 -1.390665 -0.709444 -1.210887 -0.807007 -1.196497 -0.156060 -1.168938 -1.216585 -2.081317
-0.315029 -1.362337 -1.131237 -1.227960 -0.618200 -0.870696 -0.203881 -1.197896 -1.138258 -2.217187
-0.325118 -1.318107 -0.926072 -0.293517 -0.866154 -1.173248 -0.187756 -1.059813 -1.305373 -2.046292
-0.456024 -1.486203 -0.543967 -1.087219 -0.680746 -0.985279 -0.167242 -1.028231 -1.171764 -2.042804
-0.374116 -1.429279 -1.125571 -1.197095 -0.659960 -1.116901 -0.184059 -0.309228 -1.167727 -2.157584
-0.403791 -1.214410 -0.950263 -0.282781 -0.825467 -0.917883 -0.175648 -1.313431 -1.304157 -2.240880
-0.380371 -1.396920 -0.840627 -1.231585 -0.691969 -1.096807 -0.160653 -1.456684 -0.344150 -2.150092
-0.446690 -1.513775 -0.940220 -1.233200 -0.724574 -0.918266 -1.762959 -1.179113 -1.034062 -2.075133
-0.464549 -1.462320 -1.090489 -1.279267 -0.619888 -1.186892 -0.186051 -1.215874 -1.304696 -0.111574
-1.125976 -1.523747 -0.899957 -1.343476 -0.703342 -0.992905 -0.159578 -1.223684 -1.203095 -2.273721
-0.394755 -1.476756 -0.897669 -1.248788 -0.688103 -0.474040 -0.220242 -1.489625 -1.419774 -2.190103
-0.356442 -1.117356 -1.018619 -1.460387 -0.840168 -1.018035 -1.866951 -1.147838 -1.013694 -2.238092
-1.155088 -1.583352 -0.857711 -1.206537 -0.678464 -1.054181 -0.184194 -1.131303 -1.177565 -1.938557
-0.413320 -1.450300 -0.850399 -1.128925 -0.724583 -1.225660 -0.155756 -0.364260 -1.100915 -1.942884
-0.453782 -1.360823 -0.897219 -1.302083 -0.882517 -1.072441 -1.898824 -1.022284 -1.110492 -2.190805
-0.381512 -0.318462 -1.087591 -1.212629 -0.711173 -0.873005 -0.181751 -1.299152 -1.382805 -2.193973
-0.386214 -1.618435 -1.043365 -1.247358 -0.771030 -1.160554 -0.148964 -1.240924 -0.386835 -1.929573
-0.344424 -1.401699 -1.152730 -1.026906 -0.695651 -0.957209 -0.159582 -0.340587 -1.204643 -2.109151
-0.407162 -1.421798 -1.062736 -1.389133 -0.780194 -1.109496 -0.207040 -1.296018 -1.192671 -0.117318
-0.300773 -1.402824 -0.973319 -0.317100 -0.784928 -1.029641 -0.148240 -1.301692 -1.213443 -2.100133
-0.321957 -1.389212 -0.906079 -1.418322 -0.826684 -1.016179 -0.217120 -1.136020 -1.105486 -0.134606
-0.360604 -1.445888 -0.995633 -1.192407 -0.757724 -1.065599 -0.162027 -1.041900 -0.421999 -2.026552
-0.314644 -1.612083 -0.947473 -1.077369 -0.745919 -0.383702 -0.230361 -1.178195 -1.239211 -2.019405
-0.388842 -1.362632 -0.906269 -1.177780 -0.885339 -1.027428 -0.190575 -1.212721 -1.199413 -0.126230
-0.357047 -1.394409 -1.009150 -0.295721 -0.824320 -1.213845 -0.156711 -1.091549 -1.153479 -2.160582
-0.389209 -1.329541 -1.018582 -0.335249 -0.825551 -1.048343 -0.184548 -1.320771 -1.317070 -2.133009
-1.129425 -1.499674 -0.773715 -1.067560 -0.719318 -0.810962 -0.209845 -0.961737 -1.233195 -1.845139
-0.379037 -1.551882 -0.861400 -1.084730 -0.738884 -0.859442 -0.226263 -0.435774 -1.154815 -1.936571
-0.403989 -1.320745 -0.954768 -1.369320 -0.690520 -0.995873 -0.185989 -1.486682 -1.373068 -2.236815
-0.338392 -1.460948 -0.899740 -1.081009 -0.746396 -0.982184 -0.185729 -1.087885 -1.007539 -0.126905
-0.351871 -1.464959 -1.004059 -1.213839 -0.723817 -1.184294 -0.144189 -1.050136 -0.430044 -2.113525
-1.011299 -1.459741 -0.700387 -1.100208 -0.729922 -0.888231 -0.178229 -1.046299 -1.231405 -1.885855
-0.388716 -1.513380 -0.895498 -1.269817 -0.775681 -1.164364 -0.216461 -1.191545 -1.127075 -0.105717
-0.349710 -1.298729 -0.908185 -1.392890 -0.610928 -0.895522 -0.247152 -1.164731 -1.200749 -1.904308
-0.430396 -0.261342 -1.074699 -1.169167 -0.683357 -1.066422 -0.181652 -1.379264 -1.450312 -2.043788
-0.421364 -1.456350 -0.846588 -1.217140 -0.665296 -0.866964 -0.273337 -1.221537 -1.197231 -2.077142
-0.386491 -1.682722 -0.980508 -1.300211 -0.661099 -1.059530 -0.205526 -1.343134 -1.264091 -2.218525
-0.373180 -1.334332 -1.012142 -1.320172 -0.844412 -1.068345 -1.938443 -1.150969 -1.194282 -2.032084
-1.176011 -1.302189 -0.788074 -1.328718 -0.709134 -0.857049 -0.177986 -1.072666 -1.284888 -1.743596
-0.428856 -1.587570 -0.756101 -1.146159 -0.705546 -1.049599 -0.156088 -0.978340 -1.010936 -1.817381
-0.372339 -1.577026 -0.921045 -1.275278 -0.621018 -0.462012 -0.212201 -1.501517 -1.192729 -2.252442
-0.396018 -1.279389 -0.944105 -1.430813 -0.699641 -0.941371 -1.798188 -1.266446 -1.161432 -2.157342
-0.437814 -0.285664 -0.897018 -1.355231 -0.700981 -1.029419 -0.218829 -1.264128 -1.529026 -2.109837
-1.019072 -1.358902 -0.613419 -1.187407 -0.776121 -0.791621 -0.212185 -1.219539 -1.261037 -2.100944
-1.135138 -1.375879 -0.822056 -1.339746 -0.900769 -1.064806 -0.167122 -0.914115 -1.149630 -2.015770
-0.439927 -0.301909 -0.860329 -1.214488 -0.895044 -1.085965 -0.202558 -1.207885 -1.144872 -2.070038
-0.404211 -1.429687 -1.073273 -1.135170 -0.619301 -0.952524 -0.234284 -0.315868 -1.161962 -2.464997
-0.417484 -0.287400 -0.980563 -1.184275 -0.822460 -0.930511 -0.206356 -1.335198 -1.225545 -2.104885
-0.372368 -1.385117 -0.897116 -1.314703 -0.707187 -1.072757 -1.911144 -1.203599 -1.215019 -2.053570
-0.340812 -1.330398 -1.027823 -0.327404 -0.847878 -1.113005 -0.158738 -1.074711 -1.268405 -2.273478
-1.138919 -1.448625 -0.839600 -1.378935 -0.764292 -1.011009 -0.184364 -1.065894 -1.347839 -1.975966
-0.313595 -1.275440 -0.497949 -1.231727 -0.798085 -1.070320 -0.193696 -1.223527 -1.433487 -2.163461
-0.392994 -0.304616 -1.056155 -1.226055 -0.663477 -0.998728 -0.159355 -1.352044 -1.605990 -2.074907
-0.387049 -0.270236 -1.045200 -1.219995 -0.703893 -1.123473 -0.213520 -1.434763 -1.243418 -2.151119
-0.355526 -1.504265 -1.116715 -1.117673 -0.645155 -1.049725 -0.210093 -0.306902 -1.201598 -2.394800
-0.369384 -1.416816 -0.823032 -1.418210 -0.838903 -1.055306 -0.190153 -1.066437 -1.227522 -0.156067
-1.174032 -1.516920 -0.857839 -1.242117 -0.755627 -1.040374 -0.157704 -1.026754 -1.246620 -2.084603
-0.429854 -1.317369 -0.640539 -1.427409 -0.818000 -1.148624 -0.195461 -1.185787 -1.123360 -2.189613
-0.449715 -1.549986 -0.913145 -1.305706 -0.671204 -1.110698 -1.748054 -1.174005 -1.112494 -2.106686
-0.438014 -1.485552 -0.937579 -1.127117 -0.777487 -1.077077 -0.205529 -0.439798 -1.169498 -1.952082
-0.341284 -1.552910 -1.084252 -1.170133 -0.828851 -1.197014 -0.159258 -1.195283 -0.441136 -2.063555
-0.403710 -1.216237 -1.050034 -0.367024 -0.817474 -0.939692 -0.166607 -1.308223 -1.398610 -2.101644
-0.397617 -1.327546 -0.791346 -1.351946 -0.765401 -1.192312 -0.200237 -1.176665 -1.065664 -0.132940
-1.020958 -1.520344 -0.749212 -1.193358 -0.698957 -0.996170 -0.220496 -1.040130 -1.216660 -1.906545
-0.397746 -1.727081 -0.689506 -1.066135 -0.648527 -0.929730 -0.214992 -1.287524 -1.030771 -2.184702
-0.480297 -1.219712 -0.807762 -1.219221 -0.804277 -0.902917 -1.842800 -1.079256 -0.992942 -1.963656
-0.345806 -1.522451 -0.960268 -1.117374 -0.719380 -0.860689 -0.201979 -0.332820 -1.224113 -2.357454
-0.410224 -1.501345 -0.871302 -1.271951 -0.568039 -0.978848 -0.192597 -1.147822 -1.028683 -2.085485
-0.387972 -1.271248 -1.057571 -1.282960 -0.797469 -1.031472 -1.786839 -1.127486 -1.170619 -2.209753
-0.363662 -1.447070 -1.095313 -1.219764 -0.747478 -1.194849 -0.176310 -1.116551 -0.376284 -2.072218
-1.225068 -1.522222 -0.792374 -1.279826 -0.760420 -1.157215 -0.196764 -1.003525 -1.050301 -1.921690
-0.412936 -1.385533 -1.045737 -1.160281 -0.762775 -0.985029 -0.206284 -0.379973 -1.159108 -1.986862
-0.382056 -1.524443 -1.000279 -1.228152 -0.781627 -1.423607 -0.144429 -0.994755 -0.428683 -1.906712
-0.385157 -1.271274 -0.994470 -0.300554 -0.778389 -1.118870 -0.194103 -1.247746 -1.340349 -2.172685
-0.387232 -0.282759 -1.151242 -1.190134 -0.628471 -1.029133 -0.207118 -1.367219 -1.438939 -2.160564
-0.377192 -1.481271 -0.897509 -1.193401 -0.823949 -0.458319 -0.154244 -1.246726 -1.105042 -2.079034
-0.302090 -1.513580 -1.135731 -1.095877 -0.723083 -0.871253 -0.207870 -0.347252 -1.047879 -2.271012
-0.334996 -0.296652 -0.995516 -1.172514 -0.776569 -0.941588 -0.194650 -1.330738 -1.153352 -2.228211
-0.418891 -1.495710 -0.986130 -1.188180 -0.714688 -1.033728 -0.247794 -0.354661 -1.119137 -2.098841
-0.335418 -0.301673 -1.006253 -1.130729 -0.789619 -1.037840 -0.185980 -1.245268 -1.218740 -2.087149
-0.409690 -0.281075 -1.002977 -1.091994 -0.700953 -1.042591 -0.161529 -1.319317 -1.571781 -2.117575
-0.405474 -1.241928 -0.914229 -1.366022 -0.818737 -1.008371 -1.878274 -1.213923 -0.896077 -2.106190
-0.351934 -1.385253 -0.813780 -0.324417 -0.756541 -1.107780 -0.212575 -1.218142 -1.180554 -2.031408
-1.057043 -1.340927 -0.576763 -0.958888 -0.697818 -0.894741 -0.192829 -1.119491 -1.279833 -2.204701
-0.371386 -1.354008 -0.582512 -1.330804 -0.798472 -1.093239 -0.193982 -1.077105 -1.060008 -2.114322
-0.336913 -1.273085 -0.840007 -1.300903 -0.890924 -0.988389 -0.154857 -1.246647 -1.104974 -0.126002
-0.357604 -1.340459 -0.793114 -0.310957 -0.747504 -1.042618 -0.174006 -1.042853 -1.156848 -1.949687
-0.357674 -0.309211 -1.061635 -1.264509 -0.764106 -0.883920 -0.198913 -1.250511 -1.316198 -2.104688
-0.374449 -0.305999 -1.075344 -1.139078 -0.696581 -1.152400 -0.146479 -1.364936 -1.290226 -2.087064
-1.055681 -1.323060 -0.679729 -1.122549 -0.741202 -0.775689 -0.241214 -1.102926 -1.121822 -1.963352
-0.330396 -1.578821 -0.940768 -1.296266 -0.657959 -1.011980 -0.215248 -1.064384 -1.040804 -2.039381
-0.304070 -1.374524 -1.048462 -1.190162 -0.810121 -0.960300 -0.177238 -1.162147 -1.068935 -0.137131
-0.494240 -1.303822 -0.762631 -1.439414 -0.762970 -1.285761 -0.210289 -1.154786 -1.292184 -1.987715
-1.118559 -1.492211 -0.844884 -1.220941 -0.782958 -0.872125 -0.199265 -1.045330 -1.085913 -1.917900
-1.102964 -1.396921 -0.720458 -1.036260 -0.676285 -0.901723 -0.222594 -1.054881 -1.129991 -1.729295
-0.398359 -1.176624 -0.631790 -1.081820 -0.756541 -1.120803 -0.179826 -0.967114 -1.320473 -2.115289
-0.887695 -1.255190 -0.528142 -0.913270 -0.723263 -0.842457 -0.205196 -1.034525 -1.238845 -1.849703
-0.437267 -1.268158 -0.543617 -1.379234 -0.675984 -0.991135 -0.190133 -1.316912 -1.240691 -1.939972
-0.387457 -1.575289 -0.992976 -1.025900 -0.600520 -0.861811 -0.182547 -0.319056 -1.185503 -2.242220
-0.397699 -0.294423 -0.972684 -1.286518 -0.723712 -1.006820 -0.218215 -1.306536 -1.379326 -2.161645
-0.335402 -1.485801 -0.998412 -1.308667 -0.798270 -1.114218 -0.135598 -1.194655 -0.333934 -1.992541
-0.470769 -1.239111 -0.838292 -1.172491 -0.876352 -0.971961 -1.732280 -1.017473 -0.960833 -2.213418
-0.368701 -1.519304 -0.878002 -1.191856 -0.790258 -1.100816 -0.192866 -1.347222 -1.118519 -2.243269
-0.336658 -0.348856 -1.031624 -1.277425 -0.733422 -1.043126 -0.172926 -1.430575 -1.242194 -2.251627
-0.357247 -1.312734 -1.068366 -1.277609 -0.791662 -1.146123 -2.120661 -1.313682 -1.337890 -2.226115
-0.325364 -1.355707 -0.949587 -0.308530 -0.798308 -1.192481 -0.182080 -1.246521 -1.138467 -2.176168
-0.371746 -1.645516 -0.864032 -1.250645 -0.661704 -1.138897 -0.203834 -1.158767 -1.118500 -2.217306
-0.354149 -1.415836 -0.916171 -1.051017 -0.803709 -0.494431 -0.162902 -1.222165 -1.102491 -2.092326
-0.363621 -1.375324 -1.096469 -1.394517 -0.713194 -1.134195 -0.190067 -1.183981 -1.188513 -0.126270
-0.336087 -0.291271 -1.080039 -1.419731 -0.726969 -1.016868 -0.154687 -1.203833 -1.173998 -2.048459
-0.335837 -1.418262 -0.902882 -0.335310 -0.828020 -1.298344 -0.193249 -1.274502 -1.132662 -2.127939
-0.391610 -1.190694 -0.982823 -0.291222 -0.813836 -1.020255 -0.250041 -1.182793 -1.288991 -2.305599
-0.416599 -1.502258 -1.039458 -1.248889 -0.778816 -1.187038 -0.184049 -1.236544 -0.358437 -2.062051
-0.486315 -1.341903 -0.819701 -1.267854 -0.792772 -0.481458 -0.139987 -1.196775 -1.406643 -2.017943
-0.363206 -1.597640 -0.997880 -1.327412 -0.629049 -1.157462 -0.214851 -1.032490 -1.129615 -1.990938
-0.397245 -1.410163 -0.935827 -1.094812 -0.691538 -1.190038 -0.212718 -0.306441 -1.105847 -2.411486
-0.361919 -1.489810 -1.143880 -1.253718 -0.642027 -1.010371 -0.236316 -0.304020 -1.197847 -2.190999
-0.328930 -1.458450 -0.939470 -1.123948 -0.544219 -0.978040 -0.278329 -1.156688 -0.916028 -2.199483
-0.424756 -1.389437 -0.600950 -1.404704 -0.767777 -1.108278 -0.183122 -1.207198 -1.137772 -1.919955
-0.414353 -1.299117 -0.881070 -1.368568 -0.843679 -1.124828 -0.238853 -1.151939 -0.388006 -2.083404
-0.352256 -1.636612 -0.812284 -1.098095 -0.670709 -0.457620 -0.247408 -1.319421 -1.124027 -2.335037
-0.375791 -1.421499 -0.788862 -1.061295 -0.687886 -1.317599 -0.150740 -1.185188 -0.472200 -2.032743
-0.379306 -1.327158 -0.982200 -1.247968 -0.862651 -1.107050 -1.911828 -1.246206 -1.017024 -2.239241
-0.369521 -1.423894 -0.936261 -1.265970 -0.698568 -1.183146 -0.192596 -0.372410 -1.037566 -2.087066
-0.327665 -1.363947 -0.963814 -0.320792 -0.726803 -1.052726 -0.190146 -1.015244 -1.331628 -1.957489
-0.344151 -1.334784 -1.000062 -1.368371 -0.617732 -0.869569 -0.179423 -1.320737 -1.329635 -2.071136
-0.451618 -1.387855 -0.861323 -1.189831 -0.709933 -1.018839 -1.845870 -1.130916 -0.892840 -2.070817
-0.387794 -0.309132 -0.943470 -1.182653 -0.747889 -1.021790 -0.202761 -1.261099 -1.311101 -2.085417
-0.390003 -1.382940 -0.995256 -1.356994 -0.819465 -1.025027 -0.195987 -1.229228 -1.177788 -0.114846
-0.312269 -1.512071 -0.985351 -1.207543 -0.766997 -1.022225 -0.194343 -1.229575 -1.095904 -0.130718
-0.471779 -1.319744 -0.884166 -1.362682 -0.793148 -1.016780 -1.896062 -1.142809 -1.223896 -2.142513
-0.895985 -1.475084 -0.717743 -0.966543 -0.724319 -0.742756 -0.262804 -1.112081 -1.150120 -1.857826
-0.382352 -1.455735 -0.897275 -0.360066 -0.799677 -1.251020 -0.189793 -1.122288 -1.043833 -2.182706
-0.369309 -1.448919 -0.854035 -1.283313 -0.780533 -0.858808 -0.213328 -0.370147 -1.153049 -2.059124
-0.473108 -1.365269 -0.788919 -1.370623 -0.749720 -1.288750 -0.185791 -1.331941 -1.080743 -1.911552
-0.379779 -1.319752 -0.975912 -1.386204 -0.919632 -1.048999 -0.233078 -1.097151 -0.451319 -1.991786
-0.404028 -1.471082 -0.672571 -1.108202 -0.834431 -1.135431 -0.145389 -1.167501 -1.139555 -1.914476
-0.303977 -1.311789 -0.976975 -1.085468 -0.862396 -1.062131 -0.170669 -1.202913 -0.938359 -0.123495
-0.348553 -1.582633 -1.051735 -1.336148 -0.656948 -1.055532 -0.191320 -1.200622 -1.141889 -2.112789
-0.333770 -1.215661 -0.779582 -1.467559 -0.577314 -0.887330 -0.238675 -1.228054 -1.170820 -1.957628
-0.400081 -1.191615 -0.964012 -1.500320 -0.711212 -1.078375 -1.862587 -1.230345 -1.130219 -2.044862
-0.416135 -1.676308 -0.926119 -1.229463 -0.647955 -1.155942 -0.210111 -1.043653 -1.153154 -2.034073
-0.394677 -1.510293 -0.828447 -1.324531 -0.735868 -1.128497 -0.216732 -1.244964 -1.188214 -0.110954
-0.362036 -1.301337 -1.013532 -1.051342 -0.762000 -1.160591 -0.183870 -0.309749 -1.230906 -2.053699
-1.225652 -1.398048 -0.840221 -1.340564 -0.789900 -1.145176 -0.180660 -1.178634 -1.096660 -2.072652
-0.302873 -1.336358 -0.987481 -1.154940 -0.752495 -1.041203 -0.177693 -1.171681 -1.091995 -0.122409
-0.535154 -1.221151 -0.722896 -1.346998 -0.708991 -1.254790 -0.179774 -1.345827 -1.234990 -2.069684
-0.333731 -1.393699 -1.086332 -1.044108 -0.744449 -1.012950 -0.219977 -1.235816 -1.109547 -0.125932
-0.418830 -1.458191 -0.973021 -1.281881 -0.615045 -0.488722 -0.227670 -1.465589 -1.115551 -2.116021
-0.378704 -0.334320 -0.997768 -1.304615 -0.740958 -0.937399 -0.189550 -1.380886 -1.423584 -2.171675
-0.408467 -1.501503 -0.859602 -1.277178 -0.668893 -0.422026 -0.232151 -1.377007 -1.161743 -2.318822
-0.314862 -1.209927 -1.078887 -1.218739 -0.858091 -0.914198 -0.144196 -1.288043 -1.073999 -0.129368
-0.426163 -0.286935 -1.036226 -1.285952 -0.740603 -0.981346 -0.197297 -1.314442 -1.415718 -2.168561
-0.460750 -1.678721 -0.749208 -0.916530 -0.655438 -0.950326 -0.192964 -1.300177 -1.223617 -2.090174
-0.393663 -1.407748 -0.679624 -0.316445 -0.820608 -1.072173 -0.198959 -1.130013 -1.249941 -1.900678
-0.427823 -1.292624 -0.396595 -1.234881 -0.784978 -0.994669 -0.172596 -1.264503 -1.249446 -2.256610
-0.337091 -1.484791 -0.802332 -0.412398 -0.789871 -1.088170 -0.162469 -1.237759 -1.022693 -1.979478
-0.444017 -1.305968 -0.980978 -1.247225 -0.828127 -0.479463 -0.186561 -1.164278 -1.194619 -2.022411
-0.385517 -1.313937 -0.915324 -1.203602 -0.719426 -1.101173 -0.220754 -1.121204 -1.072575 -0.110295
-0.338332 -0.312176 -0.956308 -1.105526 -0.745603 -0.944613 -0.202948 -1.263463 -1.237102 -2.060094
-0.391516 -1.478710 -0.874390 -1.017274 -0.718314 -0.920525 -0.211588 -0.273679 -1.114370 -2.266649
-0.359540 -1.108118 -0.897400 -1.152852 -0.870600 -0.900101 -1.775001 -1.092331 -1.121039 -2.046028
-0.412980 -1.215160 -0.745892 -1.429211 -0.683305 -1.133342 -0.210781 -1.264909 -1.260144 -2.084282
-0.373841 -1.257698 -0.823749 -1.236784 -0.826377 -1.177516 -0.163667 -1.038987 -0.392654 -2.135769
-0.394846 -1.304444 -0.667723 -1.432901 -0.795190 -1.112022 -0.177301 -1.323947 -1.213221 -2.146464
-0.515462 -1.177964 -0.650946 -1.355739 -0.681427 -0.986801 -0.198479 -1.321821 -1.166849 -1.960798
-0.349334 -1.647467 -0.836872 -1.161757 -0.616919 -0.475162 -0.235941 -1.352805 -1.255450 -2.218555
-1.055936 -1.532831 -0.788089 -1.270581 -0.794737 -0.937969 -0.230436 -0.956219 -1.194758 -1.842719
-0.369052 -1.512894 -0.857406 -1.122439 -0.670915 -0.870175 -0.225977 -0.332764 -1.114351 -2.251445
-0.343101 -1.539774 -0.903394 -1.230594 -0.636470 -1.108882 -0.190127 -1.191623 -1.015333 -1.997762
-0.432813 -1.573726 -0.907264 -1.360257 -0.673270 -1.271079 -0.198188 -1.075912 -1.121291 -0.101036
-0.348332 -1.271081 -0.853341 -1.237669 -0.796886 -0.915640 -0.189081 -0.381844 -1.137261 -2.044110
-0.385294 -1.588414 -0.902666 -1.123019 -0.733180 -1.221577 -0.142427 -1.357409 -0.394030 -2.187967
-0.336215 -1.181823 -0.954076 -0.258042 -0.699114 -1.120773 -0.208055 -1.110193 -1.272990 -2.310316
-0.499721 -1.274279 -0.576827 -1.329074 -0.722132 -1.255840 -0.180496 -1.237846 -1.012920 -1.851461
-0.292157 -0.310291 -0.985822 -1.186419 -0.812961 -1.054558 -0.179767 -1.276620 -1.150735 -2.133827
-0.410196 -0.238749 -1.031513 -1.175700 -0.688447 -1.081063 -0.237795 -1.419000 -1.310933 -2.082560
-0.352485 -1.620978 -1.019796 -1.170941 -0.696139 -1.208641 -0.155148 -1.266510 -0.368175 -2.024093
-0.399684 -1.400042 -0.952964 -0.325194 -0.768811 -1.063885 -0.166797 -1.094710 -1.086220 -2.028299
-0.427640 -1.278609 -0.968149 -1.320391 -0.786112 -1.009541 -1.865103 -1.367772 -1.014615 -2.195686
-0.357458 -0.288413 -1.041139 -1.131146 -0.681455 -1.022467 -0.157462 -1.408168 -1.483287 -2.095740
-0.937468 -1.422298 -0.662978 -1.008140 -0.722169 -0.943700 -0.222941 -1.010778 -1.204396 -1.849670
-0.417206 -1.441716 -0.836571 -0.438079 -0.692091 -1.034400 -0.184780 -1.235241 -1.123886 -2.104611
-0.383697 -0.316358 -1.103234 -1.215134 -0.726004 -1.028511 -0.184157 -1.269951 -1.287585 -2.102647
-0.890110 -1.381132 -0.570487 -1.146665 -0.701967 -0.934355 -0.246121 -1.086690 -1.301162 -2.085370
-1.180260 -1.407745 -0.751080 -1.245723 -0.796279 -0.960518 -0.187328 -1.005494 -1.215468 -2.024370
-0.394580 -0.306777 -1.041018 -1.253753 -0.753721 -0.944593 -0.162490 -1.421753 -1.317295 -2.188685
-0.363966 -1.302923 -0.987919 -1.054082 -0.761456 -0.910693 -0.169709 -0.292911 -1.039048 -2.121248
-0.356843 -1.121580 -0.740835 -1.337594 -0.741719 -1.101127 -0.232608 -1.221310 -1.095471 -2.015174
-0.397563 -1.428272 -0.918643 -1.167846 -0.793285 -0.964958 -0.170628 -0.351123 -1.113678 -1.843523
-0.326381 -1.375601 -0.961964 -0.350931 -0.722927 -1.222512 -0.217649 -1.288660 -1.094989 -1.977735
-1.151233 -1.374969 -0.822999 -1.269847 -0.796881 -0.959757 -0.170252 -0.963206 -1.227488 -2.129468
-0.306072 -1.470554 -0.921231 -1.139124 -0.655009 -1.217286 -0.221718 -1.094676 -1.072307 -2.119244
-0.382588 -1.300021 -0.908611 -1.349528 -0.855880 -1.030482 -1.768014 -1.111566 -1.048470 -1.992519
-0.414964 -1.465300 -0.840560 -1.360668 -0.734530 -0.490965 -0.199877 -1.105331 -1.420464 -2.078899
-0.369345 -1.430186 -0.661669 -1.066829 -0.653392 -1.106520 -0.135330 -1.093830 -1.276501 -2.279077
-0.452038 -1.297791 -0.804054 -1.349077 -0.796559 -1.091669 -1.756400 -1.006215 -0.943902 -1.949382
-0.377152 -1.247499 -0.774421 -1.418641 -0.629456 -0.823734 -0.247956 -1.390222 -1.076429 -1.987312
-0.380702 -1.494663 -0.935436 -1.208640 -0.781125 -1.089369 -0.205336 -0.363895 -1.105667 -2.208305
-0.386957 -0.221066 -0.970813 -0.919195 -0.731836 -0.935779 -0.167553 -1.045755 -1.173261 -2.050513
-0.368456 -1.592984 -0.932247 -1.162271 -0.736521 -1.289475 -0.143352 -1.326832 -0.416922 -2.103983
-0.343410 -1.317057 -1.045636 -1.007017 -0.850497 -1.044841 -0.174011 -1.345986 -1.140039 -0.116179
-0.360582 -1.265784 -1.053072 -1.332998 -0.781880 -0.973403 -0.185854 -1.046703 -1.026852 -0.128121
-0.352012 -1.229561 -0.956514 -0.339620 -0.756789 -0.908762 -0.176102 -1.110995 -1.022127 -2.196481
-1.060778 -1.261835 -0.577416 -1.031608 -0.733553 -0.923739 -0.221056 -1.021184 -1.305113 -2.069781
-0.543081 -1.492637 -0.848804 -1.158466 -0.649103 -1.057074 -0.210051 -0.402850 -1.139360 -2.279884
-0.383320 -0.281318 -1.004804 -1.291249 -0.742381 -1.057222 -0.169704 -1.426609 -1.370491 -2.217684
-1.086868 -1.650161 -0.813787 -1.100948 -0.830554 -0.923145 -0.230638 -1.026826 -1.056511 -2.084410
-0.439391 -1.391758 -0.634094 -1.234291 -0.689349 -1.159164 -0.209643 -1.349283 -1.074268 -2.039256
-1.273584 -1.647631 -0.837029 -1.175112 -0.749420 -1.112035 -0.203754 -1.096345 -1.034200 -2.060530
-0.353171 -1.517159 -0.959654 -0.364203 -0.748816 -1.145142 -0.238425 -1.166284 -1.130685 -2.003213
-0.303658 -1.682782 -1.067428 -1.038835 -0.784237 -0.434009 -0.177018 -0.998763 -1.361694 -1.983244
-0.333320 -1.450729 -0.901853 -0.975088 -0.662900 -0.968450 -0.242507 -1.174289 -1.066563 -1.988337
-0.439508 -1.270097 -0.794106 -1.192245 -0.874763 -0.859484 -1.746838 -1.036648 -1.027054 -1.996706
-0.448754 -1.619915 -0.903118 -1.394358 -0.694765 -0.445567 -0.224610 -1.392530 -1.350207 -2.084171
-0.350490 -1.269849 -1.043251 -1.151618 -0.688137 -0.963354 -0.134752 -1.390479 -0.425006 -2.239437
-0.484652 -1.270849 -0.708467 -1.188336 -0.664840 -0.986794 -1.710554 -1.180443 -0.979237 -1.820526
-0.341447 -1.341330 -0.865623 -0.275539 -0.817806 -1.088042 -0.244027 -1.210491 -1.437002 -1.931218
-0.363811 -1.415564 -0.884567 -1.075524 -0.785659 -1.062429 -0.239586 -0.434724 -1.079905 -2.087605
-0.410831 -1.259491 -0.897683 -1.287099 -0.884712 -0.425575 -0.172171 -0.940002 -1.294357 -1.942512
-0.365863 -1.652211 -0.958204 -1.188681 -0.750283 -1.221002 -0.132825 -1.298335 -0.399041 -2.210722
-0.976019 -1.620418 -0.667457 -0.947037 -0.689944 -0.886243 -0.166514 -1.098441 -1.188218 -1.949463
-0.314985 -1.312263 -1.027878 -1.245941 -0.833621 -0.937900 -0.168012 -1.040542 -1.134781 -0.124623
-0.307536 -0.344735 -1.046463 -1.253616 -0.880773 -1.130279 -0.164103 -1.329682 -1.184979 -2.158270
-0.890428 -1.263264 -0.543661 -1.038944 -0.753340 -0.796031 -0.232433 -1.112631 -1.348231 -2.207957
