-150764.814169 218192.005718
125645.519407 -135104.208036
-66446.882411 109280.741775
45862.299926 -45493.496773
-52059.282280 96621.199416
-112229.683765 181151.001221
76131.018820 -58825.278479
69849.749397 -32841.122741
111437.224992 -114493.510957
27258.775363 -6617.285988
4400.011613 57673.852475
76106.780523 -72416.667589
99058.273408 -90885.328037
31548.072575 -1266.136504
46622.458800 -9028.724170
7704.996046 58268.658441
-126040.878676 203457.119169
107198.308320 -81336.017773
270696.483994 -298913.602208
-71095.423273 143294.027712
233597.659497 -240597.698561
-55507.796504 119006.556146
34237.007722 -25188.513294
14115.718718 -3578.818193
29902.893739 8812.521144
-54295.806454 97677.236671
-50383.191317 95363.132324
50136.621665 -35790.253708
61485.401803 -37652.071988
198252.081323 -219522.646382
37927.244952 -1573.792045
-156099.084516 227255.371372
-98134.328809 124641.298854
-152244.883264 220885.599277
-148224.991014 204519.273444
218920.399753 -226761.877350
105574.821120 -98662.711519
101280.839358 -93223.780339
-76267.359737 139924.313939
-127176.874460 191823.499765
91243.569021 -86525.906500
59953.089597 -58792.788429
-89458.042277 146738.652722
-153305.770338 229955.208185
77063.031908 -68074.110848
135980.263145 -125867.065996
121899.947610 -109001.345824
103740.109484 -91441.434007
-48444.697988 109332.749836
-223591.185424 309739.584805
-77711.106212 125834.633947
35614.114910 4349.553030
110745.461114 -108521.422781
-123640.520746 192256.635072
-138667.633032 215059.544930
-57446.006753 105738.384876
44979.797982 -19810.139418
-28558.955722 39201.708355
36424.814924 -27094.218165
150558.618155 -150765.276941
-135349.343215 191013.349617
130335.160090 -123208.295950
-106848.922924 152122.492884
-63522.071383 127421.064271
247164.775229 -261773.076686
-64800.761387 134914.033834
117798.243858 -114806.225945
20002.812522 10607.258809
-85846.572859 149955.116796
-133354.479991 191777.990617
80637.298228 -54357.611878
29343.886415 -17595.450987
137472.671104 -131301.807524
-120535.521540 181145.002639
-263002.579126 335411.551277
49528.869479 -44187.352196
-81026.714503 139171.397358
-120514.838870 176746.512004
-178155.938446 260626.281057
50750.362184 -36038.660109
-158607.202890 231001.527664
-129202.971085 209759.307935
-163760.202072 234183.200196
-92826.836818 148327.360561
-102917.371957 160012.390665
-65026.663744 118048.485041
170299.826010 -183196.289129
-218643.767392 287426.746791
51206.690527 -26457.686988
137446.643396 -132601.474930
94183.157275 -89002.428048
74690.777599 -65976.099483
-76406.217193 135499.678919
-168153.698794 233919.201515
-46783.781515 85954.430664
-79146.785356 140187.952935
103078.392601 -114154.171596
-174997.882721 236797.603034
127625.081756 -122117.291697
-110707.444839 180396.658121
-70624.916251 138943.872910
-57348.759948 69930.024674
-77045.985465 105985.043801
-66786.295859 110298.464802
118214.308370 -121862.599462
136502.592135 -145420.075455
126842.419103 -143868.435475
117172.142155 -114149.152591
-79009.994251 131326.408159
-201213.550001 268377.934051
95263.959831 -77199.738938
-121877.649024 184647.114615
-66314.356123 102987.989088
-96202.981278 153679.287963
100047.136070 -93783.523283
53124.906670 -31055.896066
111504.933552 -110017.247615
100470.503496 -100817.847207
168739.600768 -185864.782142
148525.723624 -139693.936760
57526.273980 -42687.255977
126899.631524 -124411.382518
-188518.723077 258120.190528
201601.784582 -207238.559977
-64095.924035 111572.052467
77121.661961 -66368.977958
-157175.986936 236220.915578
-97005.931580 157125.306390
162286.837172 -161741.352536
-106598.180565 175028.282944
176098.585256 -197336.868920
-119314.729971 188433.621239
99817.707179 -77311.057507
-100154.126892 156018.822110
-54679.213079 112508.100342
-190505.333557 275292.069066
25707.933286 -15566.619418
-65751.056363 123792.015032
130944.699707 -125468.682771
44624.833044 -5119.305301
96011.644902 -90992.310315
129208.720200 -117864.959123
80050.245626 -61872.066282
-88240.833625 135339.140004
-54570.863158 105876.230970
159453.385487 -155473.495811
55993.638340 -47620.371860
142725.921720 -148658.345888
52408.943103 -13686.264469
-188502.608991 272451.209698
-111951.951570 170577.950677
209784.515195 -225792.446820
48375.854805 -42900.540727
-105480.155181 181555.249578
92949.120008 -69278.422956
-217611.673570 288883.460903
50688.063049 -25584.950941
85875.904402 -63871.085949
133219.841240 -126047.515317
73194.635558 -58440.316873
146677.551213 -146526.605385
132435.969138 -116401.736206
51801.659045 -40912.445332
139777.778367 -158352.432196
-39691.540600 72565.942768
26695.548594 25231.254379
-66575.938511 119242.535333
-106372.633200 179398.545326
-153936.107106 221809.851125
216797.762949 -226678.801513
-26171.526170 52103.557910
229151.868424 -244527.896497
-115368.138313 186356.058141
-57079.212753 116165.800555
-145486.776428 217253.811762
-151417.402100 217482.571007
-102747.301222 159801.287494
-86217.589453 137812.124022
-173397.006906 237395.391499
-186699.418563 251411.561169
-59874.940788 113801.460773
-205495.812443 280574.903172
-71139.632724 130455.446149
-53522.505431 73809.536248
-150410.693457 206075.206814
185092.375421 -200772.962382
-142451.135678 209259.434754
-42099.596802 99557.354227
36977.876212 4658.021608
-149149.499592 224533.778943
-69402.867833 136538.553215
200460.910442 -209293.196823
-33432.264920 55947.524979
-140609.386918 209517.858926
46033.191564 -32402.903789
80039.650600 -48750.154141
8475.178249 37370.139685
175374.976891 -172079.507568
144306.439034 -133145.774905
27401.221373 -13701.285702
-111614.982824 180920.970471
-86993.923474 124445.013974
191176.083471 -187677.656206
-114719.469766 180733.325051
59699.435888 -21540.367177
96553.659331 -101131.640203
-78929.711196 140826.873276
191449.310139 -183327.952638
-74692.159893 127872.967326
181413.133864 -207169.886301
-73236.953920 134341.370751
135024.017792 -136911.525829
-112968.417144 165608.714982
-74580.793181 114334.072443
-35013.527801 72176.552630
-82146.980131 129483.188299
-108328.515764 167244.083804
-172371.190573 243626.298421
149044.533435 -155119.595155
-159092.056165 215781.765881
-95064.231399 156442.982279
-128632.775718 176464.028741
144362.013302 -151281.103140
200433.618532 -203444.914741
-107700.805851 176632.645843
-176591.173088 243685.506288
150399.077806 -145310.959919
-93348.070142 164133.925784
39872.335378 11915.427747
101270.678969 -97693.399009
136656.342623 -127875.962229
-168334.934714 234587.149554
27008.010298 -15880.255381
246143.942702 -260588.257991
-171391.915053 243501.008711
-37056.987173 104787.527430
219407.764173 -231296.625489
86527.411420 -65200.193082
-96487.238694 150968.448875
-182790.168732 256895.807664
66258.781687 -52570.084475
16219.596846 29475.189337
166074.624990 -177849.585308
86665.875556 -89713.282059
-210508.505811 292866.571595
-100227.396220 164101.620824
68542.817469 -72657.615211
131038.772521 -131323.903196
203388.423420 -200522.387825
-156510.260028 227681.901211
152128.007724 -161217.436604
103214.691036 -104258.685755
-103716.790227 143359.990005
63689.708397 -38601.457830
178042.966117 -165452.511240
-115625.672854 163584.528250
26572.388261 -14651.772420
-73014.430433 122076.961501
-74566.086069 124938.776725
-56133.210622 94824.953605
-131080.143091 202263.606217
94548.256179 -98817.647498
130323.469769 -134503.011988
-233673.376450 307898.905009
149778.996338 -142888.183217
-83398.208305 136156.920354
-82451.073651 153350.163480
174581.744306 -164122.785144
58178.190078 -51260.700470
127676.518925 -136596.112533
20240.447640 9088.108503
-95839.460195 173168.716087
-67424.896884 95326.578652
39661.551583 -22793.970198
-80229.704129 129997.482419
188070.571980 -198193.881790
89896.073984 -68213.017832
66658.843961 -32493.928549
-67846.184065 104400.012210
-59057.044682 83747.772816
167003.153121 -166234.699216
-141021.493676 212551.208267
-183731.079824 262852.825502
-95750.334929 155603.265939
-202692.097219 263960.286581
74738.168731 -52881.124636
60410.106906 -45831.426292
-156961.471643 226409.957176
71869.712292 -46029.662744
101885.969075 -85659.867670
41014.166775 -9582.321247
-47507.205689 99221.317020
-89910.217827 167571.373468
171550.650656 -179087.056181
215083.265480 -212676.741082
81843.173582 -85393.692667
-34335.862501 108601.484090
-102358.043644 155427.330341
-94446.142061 171237.352728
12930.838576 23520.161011
-90141.751680 145499.401821
-89802.448209 162667.710793
-53586.154309 113606.738590
-73230.042287 151262.278112
52652.072396 -32761.996313
224606.950948 -238554.092101
136679.703660 -141286.234337
-186482.897362 259228.520761
-75953.759032 125789.964964
-111137.971419 169292.088967
16805.032124 62341.327940
-245891.038186 329715.255958
-75829.678158 136728.750516
-66280.317911 124038.271989
-51901.206442 108055.228793
207666.510806 -238160.666914
-133706.701862 204345.136133
57530.665989 -43378.396518
30482.021234 18200.470896
79758.029729 -82583.941125
-35877.933585 62240.589396
-88870.038122 142483.035776
112617.535595 -119316.355514
-119654.230020 181233.419092
-188478.724159 271664.415051
-74567.171535 155041.251903
69156.169433 -62472.536330
209687.504687 -228558.087293
176537.173177 -163285.855648
-58918.386469 112275.982878
-89881.494172 130585.984832
44341.166644 14415.024289
-80827.619166 124890.653997
-110194.571726 177414.725485
-78251.489416 120489.917350
-22354.812833 13729.281697
-60898.101756 120588.867522
89423.386657 -87845.751735
-102212.021968 154913.570677
74181.246907 -81340.664201
-251094.557753 332432.451730
131137.698663 -123197.973853
235006.647364 -254724.132802
-101077.884589 166254.156600
339044.781867 -369794.232439
152148.363403 -152396.668521
137553.462086 -130746.970986
108633.161062 -102160.100370
215118.742043 -231546.956280
43704.783245 -2750.718420
-123810.308834 184227.257711
214976.750278 -225308.000527
86622.932564 -87128.452501
23763.660102 -11461.558362
-123577.171513 196562.130395
50050.012823 -28436.526203
-67993.985126 118276.148904
104439.892599 -96794.256063
-52840.120714 99064.350072
59892.903430 -58880.092574
-181118.014562 248741.175648
-71690.605523 141458.049684
120084.315667 -112023.181240
43279.226404 -19844.565498
-94756.675454 142250.757033
79406.241007 -78900.624380
59272.670661 -35512.868521
-102016.382991 173091.896505
225445.395472 -235499.290383
39744.089772 12955.787581
-26539.361411 65144.741310
58778.890885 -36712.574032
80087.760144 -42394.467589
31482.843516 22067.931143
-123408.149492 172301.390187
70870.505045 -62192.690670
66303.051113 -66423.718918
10729.395179 48499.994687
101909.740714 -99807.358991
-154377.712668 230793.970221
-109335.620638 182450.776631
59991.515275 -25761.715346
61656.207997 -54311.287930
-65806.266062 119722.152798
-59460.947652 87762.459402
39507.080536 -42889.168745
132361.255997 -138412.743501
137001.981758 -140775.242378
-155926.161578 229602.522340
-146322.468542 208911.475600
172278.702440 -180965.768784
-92418.285471 145780.720121
-155060.916695 219998.237550
115732.293775 -118017.885166
77175.662958 -75298.268091
-35061.428605 106861.726841
-143555.584671 216821.923227
-165197.480777 254442.547457
42242.734454 -32773.766362
90055.124108 -86649.568892
-140907.837212 199394.595367
64945.445877 -50212.385763
47031.242021 -16745.014430
121764.009027 -131380.109527
150320.436011 -155715.751209
55468.677265 -34763.543715
136873.892115 -125563.877027
-103645.904508 164479.419637
-59732.016932 115352.761934
189693.564258 -208447.107040
79946.688025 -78343.444472
10235.527970 -8738.767981
145571.204231 -139668.882722
31360.674580 -11145.258233
45430.713094 -4670.450313
50072.103845 -32741.444114
-201887.474788 273431.065118
-42976.173991 115177.736606
106216.221664 -111574.916769
76404.572574 -44659.556619
22849.276833 941.040533
-120016.188393 187045.020356
104057.490976 -95456.730868
-151768.840347 221407.167713
-54851.079382 103759.773025
-147457.728889 238161.525530
113026.440417 -113744.572250
145091.453715 -145845.327446
-68140.034132 126424.763957
-175389.411667 250112.991640
62150.318125 -56816.787909
-96403.127427 162801.713817
128463.233595 -129027.175831
65599.823904 -51193.292091
-78876.027087 130877.204435
-29429.468943 93150.843578
-171660.455548 240055.438904
51215.206536 -34030.023253
-186618.020687 262122.323970
-67492.721144 87845.087883
38270.623483 -27764.701491
61743.120373 -52870.495852
-284969.176875 370576.863334
-82408.834605 88383.430796
65238.758103 -51173.159950
-177236.587460 255172.141421
73752.114626 -58818.101320
82295.489005 -71188.050030
-53742.194041 115989.821674
126138.256797 -119634.333360
